ChainID,store#,address,address2,city,state,zip,latitude,longitude,phone,hours,departments,New Store,Open Date,Comments
10,1,100 Independence Way,Liberty Tree Mall,Danvers,MA,01923,42.55217,-70.94,978-777-4252,"Sun: 11:00am-6:00pm, Mon-Sat: 9:00am-9:00pm",ACT,N,NULL,
10,2,160 Great Road (RTE 4),Bedford Shopping Center,Bedford,MA,01730,42.4915,-71.274,781-275-1750,"Sun: 11:00am-8:00pm, Mon-Thu: 9:30am-9:30pm, Fri-Sat: 9:00am-10:00pm",ACT,N,NULL,
10,3,211 Plain Street ,Meadow Brooke Center,Lowell,MA,01852,42.62439,-71.31962,978-454-4124 ,"Sun: 11:00am-8:00pm, Mon-Thu: 9:30am-9:30pm, Fri-Sat: 9:00am-10:00pm",LAY,N,NULL,
10,4,769 Iyanough Road,Cape Cod Mall,Hyannis,MA,02601,41.66467,-70.295,508-775-3740,"Sun: 10:00am-8:00pm, Mon-Sat 9:30am-9:00",ACT,N,NULL,
10,5,6700 Reistertown Road,The Plaza,Baltimore,MD,21215,39.35623,-76.70313,410-358-7556,"Sun: 11:00am-8:00pm, Mon-Thu: 9:30am-9:30pm, Fri-Sat: 9:30am-10:00pm",LAY,N,NULL,
10,7,510 N. Main Street (Rte. 12),Marshalls Mall,Leominster,MA,01453,42.54792,-71.7629,978-537-8266,"Sun: 11:00am-8:00pm, Mon-Thu: 9:30am-9:30pm, Fri-Sat: 9:00am-10:00pm",ACT,N,NULL,
10,8,95 Washington Street,Village Shops,Canton,MA,02021,42.13823,-71.15031,781-828-9570,"Sun: 11:00am-8:00pm, Mon-Thu: 9:30am-9:30pm, Fri-Sat: 9:30am-10:00pm",LAY,N,NULL,
10,9,275 Needham Street,Marshalls Plaza,Newton,MA,02464,42.31101,-71.21613,617-964-4987,"Sun: 9:00am-8:00pm, Mon-Thu: 9:00am-9:30pm, Fri-Sat: 9:00am-10:00pm",DEL,N,NULL,
10,10,50 Pleasant Street,Pleasant Shops Mall,S. Weymouth,MA,02190,42.17164,-70.95371,781-337-5816,"Sun: 11:00am-8:00pm, Mon-Thu: 9:30am-9:30pm, Fri-Sat: 9:30am-10:00pm",,N,NULL,
10,11,1400 Boston Rd.,Boston Parker Plaza,Springfield,MA,01119,42.13833,-72.49667,413-783-1236,"Sun: 11:00am-8:00pm, Mon-Thu: 9:30am-9:30pm, Fri-Sat: 9:30am-10:00pm",LAY,N,NULL,
10,12,1130 Silas Deane Highway,NULL,Wethersfield,CT,06109,41.6905,-72.65617,860-563-2887,"Sun: 11:00am-8:00pm, Mon-Thu: 9:30am-9:30pm, Fri-Sat: 9:30am-10:00pm",HOM$LAY,N,NULL,
10,13,351 North Frontage Rd,New London Mall,New London,CT,06320,41.37089,-72.11856,860-442-9607,"Sun: 10:00am-8:00pm, Mon-Thu: 9:00am-9:30pm, Fri-Sat: 9:00am-10:00pm",ACT,N,NULL,
10,14,79395 Highway 111,Centre at La Quinta,La Quinta,CA,92253,33.71507,-116.29314,760-777-4684,"Sun: 10:00am-8:00pm, Mon-Thu: 9:30am-9:30pm, Fri-Sat: 9:30am-10:00pm",,N,NULL,
10,15,199 Highland Avenue,Maple Croft Plaza,Cheshire,CT,06410,41.49283,-72.904,203-272-7248,"Sun: 11:00am-8:00pm, Mon-Thu: 9:30am-9:30pm, Fri-Sat: 9:30am-10:00pm",ACT,N,NULL,
10,17,79 Newtown Road,Berkshire Shopping Plaza,Danbury,CT,06810,41.40821,-73.41514,203-794-1211,"Sun: 10:00am-8:00pm, Mon-Thu: 9:00am-9:30pm, Fri-Sat: 9:00am-10:00pm",,N,NULL,
10,18,80 Main Street,North Reading Plaza,North Reading,MA,01867,42.5726,-71.11122,978-276-1870,"Sun: 11:00am-8:00pm, Mon-Thu: 9:30am-9:30pm, Fri-Sat: 9:00am-10:00pm",ACT,N,NULL,
10,19,2100 Dixwell Avenue,Hamden Shopping Plaza,Hamden,CT,06514,41.375,-72.915,203-281-7580,"Sun: 10:00am-8:00pm, Mon-Thu: 9:00am-9:30pm, Fri-Sat: 9:00am-10:00pm",LAY$ACT,N,NULL,
10,20,69324 State HWY 21,Stirling Mandeville Shopping Center,Covington,LA,70433,30.4442,-90.13937,985-809-0673,"Sun: 11:00am-8:00pm, Mon-Thu: 9:30am-9:30pm, Fri-Sat: 9:30am-10:00pm",,N,NULL,
10,21,230 East Main St.,Post Road Plaza,Marlborough,MA,01752,42.3527,-71.5354,508-624-4883,"Sun: 11:00am-8:00pm, Mon-Thu: 9:30am-9:30pm, Fri-Sat: 9:30am-10:00pm",,N,NULL,
10,22,1 Snow Rd,Webster Square,Marshfield,MA,02050,42.09314,-70.70477,781-837-1171,"Sun: 9:00am-8:00pm, Mon-Thu: 9:30am-9:30pm, Fri-Sat: 9:00am-10:00pm",ACT,N,NULL,
10,23,265 S. Broadway,Salem Plaza,Salem,NH,03079,42.7609,-71.21419,603-870-9814,"Sun: 10:00am-8:00pm, Mon-Thu: 9:30am-9:30pm, Fri-Sat: 9:00am-9:30pm",HOM$LAY,N,NULL,
10,24,50 W. 225th Street,River Plaza,Bronx,NY,10463,40.87317,-73.90654,718-933-9062,"Sun: 11:00am-8:00pm, Mon-Thu: 9:30am-9:30pm, Fri-Sat: 9:30am-10:00pm",LAY,N,NULL,
10,25,Daniel Webster Highway,Royal Ridge Mall,Nashua,NH,03060,42.71217956,-71.4448859,603-888-4703,"Sun: 9:00am-7:00pm, Mon-Thu: 9:30am-9:30pm, Fri-Sat: 9:00am-9:30pm",ACT,N,NULL,
10,26,315 West Main Street,Nodbrook Plaza,Avon,CT,06001,41.81667,-72.86833,860-678-0260,"Sun: 11:00am-8:00pm, Mon-Thu: 9:30am-9:30pm, Fri-Sat: 9:30am-10:00pm",,N,NULL,
10,27,400 Lincoln Street (Rte. 3A),Lincoln Plaza,Hingham,MA,02043,42.24747,-70.92583,781-749-6162,"Sun: 900am-8:00pm, Mon-Thu: 9:30am-9:30pm, Fri-Sat: 9:00am-10:00pm",ACT,N,NULL,
10,28,1141 Main St. (RTE. 63),Watertown Plaza,Watertown,CT,06795,41.58833,-73.10667,860-274-5481,"Sun: 11:00am-8:00pm, Mon-Thu: 9:30am-9:30pm, Fri-Sat: 9:30am-10:00pm",ACT,N,NULL,
10,29,2200 Neconset Hwy,Brooktown Plaza,Stonybrook,NY,11790,40.87667,-73.11833,631-751-8820,"Sun: 9:00am-8:00pm, Mon-Thu: 9:00am-9:30pm, Fri-Sat: 9:00am-10:00pm",DEL$HOM$ACT,N,NULL,
10,30,20 Waterfront Place,Waterfront at Port Plaza,Port Chester ,NY,10573,40.9999591,-73.66364551,914-690-9380,"Sun: 11:00am-8:00pm, Mon-Thu: 9:30am-9:30pm, Fri-Sat: 9:30am-10:00pm",,N,NULL,
10,31,76 Rockland Plaza,Rockland Plaza,Nanuet,NY,10954,41.09667,-74.01167,845-623-7003,"Sun: 10:00am-8:00pm, Mon-Thu: 9:30am-9:30pm, Fri-Sat: 9:30am-10:00pm",ACT,N,NULL,
10,32,1005 Paradise Road (Rte. 1A),NULL,Swampscott,MA,01907,42.48533,-70.90033,781-581-5330,"Sun: 10:00am-8:00pm, Mon-Thu: 9:30am-9:30pm, Fri-Sat: 9:00am-9:30pm",LAY,N,NULL,
10,33,2600 South Road,Poughkeepsie Plaza,Poughkeepsie,NY,12601,41.66528,-73.92788,845-471-3600,"Sun: 11:00am-8:00pm, Mon-Thu: 9:30am-10:00pm, Fri-Sat: 9:30am-10:00pm",ACT$LAY,N,NULL,
10,34,2650 Sunrise Hgwy.(Rte. 27),East Islip Center,E. Islip,NY,11730,40.7406,-73.19994,631-859-3576,"Sun: 9:00am-8:00pm, Mon-Thu: 9:00am-9:30pm, Fri-Sat: 9:00am-10:00pm",LAY,N,NULL,
10,35,901 Bloomfield Avenue,Essex Mall,W. Caldwell,NJ,07006,40.85167,-74.29667,973-575-7910,"Sun: 10:00am-8:00pm, Mon-Thu: 9:30am-9:30pm, Fri-Sat: 9:30am-10:00pm",LAY$ACT,N,NULL,
10,36,270 Route 35 South,Shrewsbury Plaza,Shrewsbury,NJ,07702,40.31474,-74.06635,732-542-1190,"Sun: 10:00am-8:00pm, Mon-Thu: 9:30am-9:30pm, Fri: 9:30am-10:00pm, Sat 9:00am-10:00pm",,N,NULL,
10,37,1127 E. Rand Road,Mt. Prospect Plaza,Mt Prospect,IL,60056,42.06691,-87.92094,847-255-8684,"Sun: 11:00am-8:00pm, Mon-Thu: 9:30am-9:30pm, Fri-Sat: 9:30am-10:00pm",,N,NULL,
10,39,400 South State Rd,Marple Crossing,Springfield,PA,19064,39.93821,-75.35501,610-604-9825,"Sun: 11:00am-8:00pm, Mon-Thu: 9:30am-9:30pm, Fri-Sat: 9:30am-10:00pm",LAY,N,"Thursday, October 07, 2010",
10,40,401 Route 38 Suite A-5,Moorestown Plaza,Moorestown,NJ,08057,39.94333,-74.96833,856-234-8818,"Sun: 11:00am-8:00pm, Mon-Thu: 9:30am-9:30pm, Fri-Sat: 9:30am-10:00pm",HOM$ACT,N,NULL,
10,41,102 Yorktown Shopping Center Rd,Yorktown Center,Lombard,IL,60148,41.836553,-88.010079,630-495-0321,"Sun: 11:00am-8:00pm, Mon-Thu: 9:30am-9:30pm, Fri-Sat: 9:30am-10:00pm",ACT$HOM,N,NULL,
10,42,6200 Little River Turnpike (Rte. 236),Plaza at Landmark,Alexandria,VA,22312,38.81822,-77.14063,703-354-1770,"Sun: 11:00am-8:00pm, Mon-Thu: 9:30am-9:30pm, Fri-Sat: 9:30am-10:00pm",LAY$ACT,N,NULL,
10,43,1240 Old Country Road,Price Club Plaza,Carle Place (Westbury),NY,11514,40.74417,-73.6025,516-683-1078,"Sun: 10:00am-8:00pm, Mon-Thu: 9:30am-9:30pm, Fri-Sat: 9:30am-10:00pm",DEL$LAY,N,NULL,
10,44,Highland Parkway At Us 1,Langhorne Square Shopping Center,Langhorne,PA,19056,40.16916,-74.8922,215-949-0575,"Sun: 11:00am-8:00pm, Mon-Thu: 9:30am-9:30pm, Fri-Sat: 9:30am-10:00pm",,N,NULL,
10,45,14890 Manchester Road,Olde Towne Plaza,Ballwin,MO,63011,38.59289,-90.53886,636-527-6743,"Sun: 10:00am-8:00pm, Mon-Thu: 9:30am-9:30pm, Fri-Sat: 9:30am-10:00pm",ACT,N,NULL,
10,46,122 Park Avenue,Willow Grove Shopping Center,Willow Grove,PA,19090,40.145,-75.11667,215-657-6688,"Sun: 11:00am-8:00pm, Mon-Thu: 9:30am-9:30pm, Fri-Sat: 9:30am-10:00pm",LAY,N,NULL,
10,47,163A Monticello Avenue,Williamsburg Shopping Center,Williamsburg,VA,23185,37.28313,-76.71997,757-258-4906,"Sun: 11:00am-8:00pm, Mon-Thu: 9:30am-9:30pm, Fri-Sat: 9:30am-10:00pm",,N,NULL,
10,48,10780 Sunset Hill Plaza,Sunset Hills Plaza,Sunset Hills,MO,63127,38.55351859,-90.40926218,314-821-7630,"Sun: 10:00am-8:00pm, Mon-Thu: 9:30am-9:30pm, Fri-Sat: 9:30am-10:00pm",ACT$LAY,N,NULL,
10,49,150 Brookhaven Ave,Town Brookhaven,Atlanta (Brookhaven),GA,30319,33.871236,-84.333892,404-848-9447,"Sun: 11:00am-9:00pm, Mon-Thu: 9:30am-9:30pm, Fri-Sat: 9:30am-10:00pm",DEL,N,"Thursday, April 28, 2011",
10,50,9601 Cicero Avenue,Green Oaks Center,Oaklawn,IL,60453,41.72,-87.74333,708-424-8388,"Sun: 11:00am-8:00pm, Mon-Thu: 9:30am-9:30pm, Fri-Sat: 9:30am-10:00pm",LAY,N,NULL,
10,51,1649 Martin Luther King Jr Blvd ,Walmart Shopping Center ,Houma,LA,70360,29.610476,-90.7558,985-851-1254,"Sun: 11:00am-8:00pm, Mon-Thu: 9:30am-9:30pm, Fri-Sat: 9:30am-10:00pm",LAY$ACT,N,NULL,
10,52,1238 Putty Hill Avenue,Towson Marketplace,Towson,MD,21204,39.39461,-76.58276,410-825-0350,"Sun: 11:00am-8:00pm, Mon-Thu: 9:30am-9:30pm, Fri-Sat: 9:30am-10:00pm",DEL$LAY,N,NULL,
10,53,1483 Route 23 S,Meadtown Shopping Center ,Kinnelon,NJ,07405,41.002138,-74.357236,973-492-1638,"Sun: 10:00am-8:00pm, Mon-Thu: 9:00am-9:30pm, Fri-Sat: 9:00am-10:00pm",,Y,"Thursday, May 19, 2016",Now Open!<br>
10,54,4808 Lincoln Highway (Rte. 30),NULL,Matteson,IL,60443,41.50667,-87.73167,708-481-3204,"Sun: 10:00am-8:00pm, Mon-Thu: 9:30am-9:30pm, Fri-Sat: 9:30am-10:00pm",LAY,N,NULL,
10,55,8100 South Gessner Blvd,Southway Shopping Center,Houston,TX,77036,29.69023,-95.53431,713-271-4300,"Sun: 11:00am-8:00pm, Mon-Thu: 9:30am-9:30pm, Fri-Sat: 9:30am-10:00pm",LAY,N,"Thursday, April 27, 2006",
10,57,200 Clifton Boulevard,Westminster Crossing,Westminster,MD,21157,39.58448,-76.98874,410-857-9835,"Sun: 11:00am-8:00pm, Mon-Thu: 9:30am-9:30pm, Fri-Sat: 9:30am-10:00pm",DEL$LAY$ACT,N,NULL,
10,58,979 US Route 1 South,Fashion Plaza,North Brunswick,NJ,08902,40.46124,-74.46048,732-745-2901,"Sun: 11:00am-8:00pm, Mon-Thu: 9:30am-9:30pm, Fri-Sat: 9:30am-10:00pm",HOM$LAY,N,NULL,
10,59,9425 Katy Freeway,Hedwig Village Center,Houston,TX,77024,29.783627,-95.525131,713-647-7501,"Sun: 11:00am-8:00pm, Mon-Thu: 9:30am-9:30pm, Fri-Sat: 9:30am-10:00pm",HOM$LAY,N,NULL,
10,60,5555 Brainard Avenue,Salem Square,Countryside,IL,60525,41.78778,-87.87682,708-352-7740,"Sun: 10:00am-8:00pm, Mon-Thu: 9:30am-9:30pm, Fri-Sat: 9:30am-10:00pm",LAY$ACT,N,NULL,
10,61,3850 Mystic Valley Parkway (Rte. 16),Meadow Glen Mall,Medford,MA,02155,42.4061,-71.0936,781-391-1331,"Sun: 11:00am-6:00pm, Mon-Thu: 9:30am-9:00pm, Fri-Sat: 9:30am-9:00pm",ACT$LAY,N,NULL,Open During Construction!<br />
10,62,1465 Woodbury Avenue,Marshalls Mall,Portsmouth,NH,03801,43.093,-70.79117,603-436-6065,"Sun: 10:00am-8:00pm, Mon-Thu: 9:00am-9:30pm, Fri-Sat: 9:00am-10:00pm",ACT,N,NULL,
10,63,5932 Roswell Rd,Exchange at Hammond,Sandy Springs,GA,30328,33.918098,-84.380477,404-252-0288,"Sun: 11:00am-9:00pm, Mon-Thu: 9:30am-9:30pm, Fri-Sat: 9:30am-10:00pm",LAY,N,"Thursday, November 13, 2014",
10,65,2641 N Salisbury Blvd,Lord Salisbury Retail Center,Salisbury,MD,21804,38.41193,-75.56729,410-546-5272,"Sun: 11:00am-8:00pm, Mon-Thu: 9:30am-9:30pm, Fri-Sat: 9:30am-10:00pm",LAY,N,NULL,
10,67,293 E. Altamonte Drive,North Lake Plaza,Altamonte Springs,FL,32701,28.66167,-81.39,407-834-2015,"Sun: 10:00am-8:00pm, Mon-Thu: 9:30am-9:30pm, Fri-Sat: 9:30am-10:00pm",ACT,N,NULL,
10,68,2203 Roswell Road,East Lake Shopping Center,Marietta,GA,30062,33.96833,-84.49,770-971-2604,"Sun: 11:00am-9:00pm, Mon-Thu: 9:30am-9:30pm, Fri-Sat: 9:30am-10:00pm",LAY,N,NULL,
10,69,75 South River Rd,Bedford Mall,Bedford,NH,03110,42.958336,-71.477125,603-222-1800,"Sun: 9:00am-8:00pm, Mon-Thu: 9:30am-9:30pm, Fri-Sat: 9:00am-9:30pm",ACT,N,NULL,
10,70,1400 S. Harbor Boulevard,Orange Fair Marketplace,Fullerton,CA,92832,33.8575,-117.92469,714-526-8088,"Sun: 10:00am-8:00pm, Mon-Thu: 9:30am-9:30pm, Fri-Sat: 9:30am-10:00pm",ACT,N,NULL,
10,71,19731 Vanowen Street,NULL,Canoga Park,CA,91306,34.19333,-118.56167,818-346-0208,"Sun: 10:00am-8:00pm, Mon-Thu: 9:30am-9:30pm, Fri-Sat: 9:30am-10:00pm",DEL,N,NULL,
10,72,280 Newfield Ave,Charter Oak Marketplace ,Hartford,CT,06106,41.73987,-72.7117,860-953-3127,"Sun: 11:00am-8:00pm, Mon-Thu: 9:30am-9:30pm, Fri-Sat: 9:30am-10:00pm",LAY,N,NULL,
10,73,15906 Imperial Highway,NULL,La Mirada,CA,90638,33.9162,-117.99274,562-947-2811,"Sun: 11:00am-8:00pm, Mon-Thu: 9:30am-9:30pm, Fri-Sat: 9:30am-10:00pm",LAY$ACT,N,NULL,
10,74,5160 Stevens Creek Boulevard,Stevens Creek Central,San Jose - Stevens Creek Blvd.,CA,95129,37.32167,-121.995,408-244-8962,"Sun: 11:00am-8:00pm, Mon-Thu: 9:30am-9:30pm, Fri-Sat: 9:30am-10:00pm",ACT,N,NULL,
10,75,Route 1 & Route 101,Lafayette Crossing ,North Hampton,NH,03862,42.942203,-70.83649,603-964-3602,"Sun: 10:00am-8:00pm, Mon-Sat: 9:00am-9:30pm",,N,NULL,
10,76,16672 Beach Boulevard,NULL,Huntington Beach,CA,92647,33.72028836,-117.9880142,714-848-9333,"Sun: 10:00am-8:00pm, Mon-Thu: 9:30am-9:30pm, Fri-Sat: 9:30am-10:00pm",DEL$ACT,N,NULL,
10,78,1394 S. Yuma Palms Parkway,Yuma Palms Regional Center,Yuma,AZ,85365,32.69926,-114.60577,928-783-7353,"Sun: 11:00am-8:00pm, Mon-Thu: 9:30am-9:30pm, Fri-Sat: 9:30am-10:00pm",,N,NULL,
10,79,1250 Howe Ave.,Sac Central,Sacramento - Howe Ave.,CA,95825,38.59,-121.41667,916-924-9821,"Sun: 11:00am-8:00pm, Mon-Thu: 9:30am-9:30pm, Fri-Sat: 9:30am-10:00pm",ACT,N,NULL,
10,100,455 Arsenal Street,Arsenal Mall,Watertown,MA,02474,42.362,-71.15833,617-923-1044,"Sun: 11:00am-6:00pm, Mon-Thu: 9:30am-9:00pm, Fri-Sat: 9:30am-9:00pm",ACT,N,NULL,
10,101,65 Route 17 South,Liberty Commons,East Rutherford,NJ,07073,40.82895,-74.09319,201-939-2923,"Sun: Closed, Mon-Thu 9:30am-9:30pm, Fri-Sat 9:30am-10:00pm",,N,NULL,
10,102,1400 Oaklawn Avenue,Marshalls Plaza,Cranston,RI,02920,41.73333,-71.47833,401-463-8226,"Sun: 10:00am-8:00pm, Mon-Thu: 9:30am-9:30pm, Fri-Sat:9:30am-10:00pm",LAY,N,NULL,
10,103,221 N. Central Park Ave.,West Chester Square Mall,Hartsdale,NY,10530,41.02652,-73.79385,914-997-7904,"Sun: 11:00am-8:00pm, Mon-Thu: 9:30am-9:30pm, Fri-Sat: 9:30am-10:00pm",LAY,N,NULL,
10,104,8249 W Golf Rd,Four Flags SC,Niles,IL,60714,42.053909,-87.836088,847-965-2243,"Sun: 10:00am-8:00pm, Mon-Thu: 9:30am-9:30pm, Fri-Sat: 9:30am-10:00pm",ACT,N,"Thursday, September 24, 2009",
10,105,7609 Campbell Road,The Pavillion,North Dallas,TX,75248,32.97933,-96.76933,972-248-8494,"Sun: 11:00am-8:00pm, Mon-Thu: 9:30am-9:30pm, Fri-Sat: 9:30am-10:00pm",,N,NULL,
10,106,"91 Silhavy Road, Suite 131",Valparaiso Retail Center,Valparaiso,IN,46383,41.467796,-87.026926,219-548-0719,"Sun: 11:00am-8:00pm, Mon-Thu: 9:30am-9:30pm, Fri-Sat: 9:30am-10:00pm",ACT,N,NULL,
10,107,839 New York Avenue,Big H Shopping Center,Huntington,NY,11743,40.855,-73.41167,631-271-7339,"Sun: 9:00am-8:00pm, Mon-Thu: 9:00am-9:30pm, Fri-Sat: 9:00am-10:00pm",,N,NULL,
10,108,RTE. 41,Sarasota Pavilion,Sarasota,FL,34231,27.26,-82.52333,941-921-6641,"Sun: 11:00am-8:00pm, Mon-Thu: 9:30am-9:30pm, Fri-Sat: 9:30am-10:00pm",ACT,N,NULL,
10,109,3942 Jr Prewitt Parkway (Hwy 54 & Hwy 42),Prewitt's Point,Osage Beach,MO,65065,38.15688945,-92.60397559,573-302-4810,"Sun: 11:00am-8:00pm, Mon-Thu: 9:30am-9:30pm, Fri-Sat: 9:30am-10:00pm",ACT$HOM,N,NULL,
10,110,118 S. Sharon-Amity Road,Cotswold Village Shops,Charlotte,NC,28211,35.17333,-80.795,704-364-6001,"Sun: 11:00am-8:00pm, Mon-Thu: 9:30am-9:30pm, Fri-Sat: 9:30am-10:00pm",DEL,N,NULL,
10,111,1583-B New Garden Road,New Garden Crossing,Greensboro,NC,27410,36.114873,-79.88099,336-299-9692,"Sun: 11:00am-8:00pm, Mon-Thu: 9:30am-9:30pm, Fri-Sat: 9:30am-10:00pm",,N,"Thursday, September 27, 2012",
10,112,8690 N Dixon Ave,Zona Rosa,Kansas City,MO,64153,39.255699,-94.667259,816-746-5040,"Sun: 11:00am-8:00pm, Mon-Thu: 9:30am-9:30pm, Fri-Sat: 9:30am-10:00pm",HOM$ACT,N,NULL,
10,113,24271 Avenida de la Carlota,Oakbrook Village,Laguna Hills,CA,92653,33.61102,-117.70435,949-855-4133,"Sun: 10:00am-8:00pm, Mon-Thu: 9:30am-9:30pm, Fri-Sat: 9:30am-10:00pm",,N,NULL,
10,114,19800 Hawthorne Boulevard,Torrance Promenade,Torrance,CA,90503,33.86,-118.35333,310-370-3638,"Sun: 11:00am-8:00pm, Mon-Thu: 9:30am-9:30pm, Fri-Sat: 9:30am-10:00pm",ACT,N,NULL,
10,115,1000 Florin,Lake Crest Village,Sacramento - Florin Rd.,CA,95831,38.49667,-121.51333,916-427-1917,"Sun: 11:00am-8:00pm, Mon-Thu: 9:30am-9:30pm, Fri-Sat: 9:30am-10:00pm",ACT$LAY,N,NULL,
10,116,41920 Ford Road,Willow Creek,Canton,MI,48187,42.32278,-83.45803,734-981-1436,"Sun: 11:00am-8:00pm, Mon-Thu: 9:30am-9:30pm, Fri-Sat: 9:30am-10:00pm",LAY$ACT,N,NULL,
10,117,16 Airport Square ,NULL,North Wales,PA,19454,40.24167,-75.24333,215-362-7433,"Sun: 10:00am-8:00pm, Mon-Thu: 9:30am-9:30pm, Fri-Sat: 9:30am-10:00pm",ACT,N,NULL,
10,118,9981 E Washington St,Cherry Tree Plaza ,Indianapolis,IN,46229,39.774106,-85.991063,317-899-1666,"Sun: 11:00am-8:00pm, Mon-Thu: 9:30am-9:30pm, Fri-Sat: 9:30am-10:00pm",LAY$ACT,N,NULL,
10,119,9640 Main Street,Fair City Mall,Fairfax,VA,22031,38.84,-77.27167,703-323-6043,"Sun: 11:00am-8:00pm, Mon-Thu: 9:30am-9:30pm, Fri-Sat: 9:30am-10:00pm",ACT$DEL$LAY,N,NULL,
10,120,6000 Greenbelt Road,Beltway Plaza,Greenbelt,MD,20770,38.99767,-76.91167,301-345-0660,"Sun: 11:00am-8:00pm, Mon-Thu: 9:30am-9:30pm, Fri-Sat: 9:30am-10:00pm",LAY$ACT,N,NULL,
10,121,1801 E. Camelback,Camelback Colonnade,Phoenix - E. Camelback,AZ,85016,33.51,-112.03833,602-265-2562,"Sun: 11:00am-8:00pm, Mon-Thu: 9:30am-9:30pm, Fri-Sat: 9:30am-10:00pm",,N,NULL,
10,122,2203 Grand Canal Boulevard,Lakeside Plaza,Stockton,CA,95207,37.98333,-121.33667,209-952-7870,"Sun: 11:00am-8:00pm, Mon-Thu: 9:30am-9:30pm, Fri-Sat: 9:30am-10:00pm",LAY,N,NULL,
10,123,7163 Cermak Road,Cermak Plaza,Berwyn,IL,60402,41.84883,-87.80061,708-795-8688,"Sun: 11:00am-8:00pm, Mon-Thu: 9:30am-9:30pm, Fri-Sat: 9:30am-10:00pm",LAY$ACT,N,NULL,
10,124,4799 W. Irlo Bronson Hwy,Kissimmee West,Kissimmee,FL,34746,28.33131757,-81.47366524,321-677-0419,"Sun: 10:00am-8:00pm, Mon-Thu: 9:30am-9:30pm, Fri-Sat: 9:30am-10:00pm",,N,NULL,
10,125,9169 Roosevelt Blvd.,Northeast Shopping Center,N.E. Philadelphia,PA,19114,40.07453,-75.03284,215-676-3025,"Sun: 11:00am-8:00pm, Mon-Thu: 9:30am-9:30pm, Fri-Sat: 9:00am-9:30pm",LAY$ACT,N,NULL,
10,126,8483 West Grand River Avenue,Brighton Mall,Brighton,MI,48116,42.54247,-83.78743,810-229-4127,"Sun: 11:00am-8:00pm, Mon-Thu: 9:30am-9:30pm, Fri-Sat: 9:30am-10:00pm",ACT,N,NULL,
10,128,2245 Ashley Crossing,Ashley Crossing,Charleston,SC,29414,32.8131,-80.0406,843-402-5874,"Sun: 11:00am-8:00pm, Mon-Thu: 9:30am-9:30pm, Fri-Sat: 9:30am-10:00pm",LAY,N,"Thursday, October 27, 2011",
10,129,4725 N. Harlem Avenue,Harwood Commons,Harwood Heights,IL,60656,41.96667,-87.81,708-867-4230,"Sun: 11:00am-8:00pm, Mon-Thu: 9:30am-9:30pm, Fri-Sat: 9:30am-10:00pm",ACT,N,NULL,
10,130,18307 Kenrick Ave,Timber Creek Shopping Center,Lakeville,MN,55044,44.68191,-93.29072,952-898-4226,"Sun: 11:00am-8:00pm, Mon-Thu: 9:30am-9:30pm, Fri-Sat: 9:30am-10:00pm",ACT,N,NULL,
10,131,416 East Main St,Stop and Shop Plaza,Middletown,CT,06457,41.54855,-72.63911,860-638-1237,"Sun: 11:00am-8:00pm, Mon-Thu: 9:30am-9:30pm, Fri-Sat: 9:30am-10:00pm",ACT,N,NULL,
10,132,12555 Olive Blvd.,Heritage Plaza,St. Louis (Creve Ceour),MO,63141,38.6765,-90.46267,314-469-5433,"Sun: 10:00am-8:00pm, Mon-Thu: 9:30am-9:30pm, Fri-Sat: 9:30am-10:00pm",ACT$LAY,N,NULL,
10,133,10816 Kings Road,Arcadian Shores Commons,Myrtle Beach,SC,29572,33.78674,-78.77244,843-449-1369,"Sun: 9:00am-9:00pm, Mon-Thu: 9:00am-9:30pm, Fri-Sat: 9:00am-10:00pm",,N,NULL,
10,136,194 Retail Way,Taft Corners,Williston,VT,05495,44.44399,-73.11501,802-878-3300,"Sun: 10:00am-8:00pm, Mon-Sat: 9:00am-9:30pm",ACT,N,NULL,
10,139,8353 Leesburg Pike,Tysons Plaza ,Vienna,VA,22182,38.91833,-77.23167,703-556-0160,"Sun: 11:00am-8:00pm, Mon-Thu: 9:30am-9:30pm, Fri-Sat: 9:30am-10:00pm",DEL$LAY$ACT,N,NULL,
10,140,805 Bethel Road,Olentangy Plaza,Columbus - Bethel Rd.,OH,43214,40.06167,-83.03833,614-451-6821,"Sun: 10:00am-8:00pm, Mon-Thu: 9:30am-9:30pm, Fri-Sat: 9:30am-10:00pm",ACT,N,NULL,
10,141,1200 S. Clearview Parkway,Elmwood Shopping Center,New Orleans,LA,70123,29.96833,-90.19,504-734-1151,"Sun: 11:00am-8:00pm, Mon-Thu: 9:30am-9:30pm, Fri-Sat: 9:30am-10:00pm",LAY,N,NULL,
10,143,7506 W. Broad Street,Merchants Walk,Richmond - W. Broad St.,VA,23294,37.61886,-77.52357,804-672-3191,"Sun: 11:00am-8:00pm, Mon-Thu: 9:30am-9:30pm, Fri-Sat: 9:30am-10:00pm",LAY,N,NULL,
10,144,9748 Midlothian Tpk,Stein Mart Festival,Midlothian,VA,23235,37.501611,-77.570247,804-272-7234,"Sun: 11:00am-8:00pm, Mon-Thu: 9:30am-9:30pm, Fri-Sat: 9:30am-10:00pm",ACT,N,"Thursday, September 13, 2012",
10,145,16051 S. Dixie Highway,Continental Plaza,South Dade,FL,33157,25.61983,-80.34283,305-238-1188,"Sun: 11:00am-8:00pm, Mon-Thu: 9:30am-9:30pm, Fri-Sat: 9:30am-10:00pm",DEL$LAY$ACT,N,NULL,
10,146,1700 W. 49th Street,Westland Commons,Hialeah,FL,33012,25.8652,-80.322,305-823-5326,"Sun: 11:00am-8:00pm, Mon-Thu: 9:30am-9:30pm, Fri-Sat: 9:30am-10:00pm",LAY$ACT,N,NULL,
10,149,1801 N. Military Trail,Pine Trails Shopping Center,West Palm Beach,FL,33409,26.70667,-80.11167,561-689-9110,"Sun: 11:00am-8:00pm, Mon-Thu: 9:30am-9:30pm, Fri-Sat: 9:30am-10:00pm",LAY,N,NULL,
10,150,3001 Covington Pike,NULL,Memphis,TN,38128,35.205,-89.89667,901-382-3530,"Sun: 11:00am-8:00pm, Mon-Thu: 9:30am-9:30pm, Fri-Sat: 9:30am-10:00pm",LAY,N,NULL,
10,152,480 Greece Ridge Center Drive,The Mall at Greece Ridge Cente,Rochester,NY,14626,43.20442506,-77.69462585,585-453-0380,"Sun: 11:00am-6:00pm, Mon-Thu: 9:30am-9:30pm, Fri-Sat: 9:30am-10:00pm",LAY$ACT,N,NULL,
10,153,1551 WP Ball Blvd.,The Marketplace at Seminole Town Center,Sanford,FL,32771,28.80005476,-81.33197295,407-302-0839,"Sun: 10:00am-8:00pm, Mon-Thu: 9:30am-9:30pm, Fri-Sat: 9:30am-10:00pm",ACT,N,NULL,
10,154,3340 Monroe Avenue,NULL,Pittsford (Rochester),NY,14534,43.10333,-77.53333,585-385-1280,"Sun: 10:00am-8:00pm, Mon-Thu: 9:00am-9:30pm, Fri-Sat: 9:00am-10:00pm",ACT,N,NULL,
10,155,5914 75th St,Plaza 50,Kenosha,WI,53142,42.56672,-87.87904,262-697-4391,"Sun: 11:00am-8:00pm, Mon-Thu: 9:30am-9:30pm, Fri-Sat: 9:30am-10:00pm",ACT,N,NULL,
10,156,8505 Blanco Road,Oakview Shopping Center,San Antonio,TX,78216,29.545,-98.50833,210-340-9576,"Sun: 11:00am-8:00pm, Mon-Thu: 9:30am-9:30pm, Fri-Sat: 9:30am-10:00pm",,N,NULL,
10,157,1130 Harter Rd,Yuba City Marketplace,Yuba City,CA,95993,39.14364,-121.65549,530-671-9795,"Sun: 11:00am-8:00pm, Mon-Thu: 9:30am-9:30pm, Fri-Sat: 9:30am-10:00pm",,N,NULL,
10,158,225 N. Moorpark Road,Janss Mall,Thousand Oaks,CA,91360,34.17667,-118.85833,805-496-7770,"Sun: 11:00am-8:00pm, Mon-Thu: 9:30am-9:30pm, Fri-Sat: 9:30am-10:00pm",ACT,N,NULL,
10,161,2100 N. Snelling Avenue,HarMarMall,Roseville,MN,55113,45.0056,-93.1647,651-636-6688,"Sun: 11:00am-8:00pm, Mon-Thu: 9:30am-9:30pm, Fri-Sat: 9:30am-10:00pm",ACT,N,NULL,
10,162,36 W. 66th Street,The Hub Shopping Mall,Richfield,MN,55423,44.885,-93.27833,612-866-4200,"Sun: 11:00am-8:00pm, Mon-Thu: 9:30am-9:30pm, Fri-Sat: 9:30am-10:00pm",ACT,N,NULL,
10,163,1925 Pawtucket Avenue,Wamponaug Mall,E. Providence,RI,02914,41.82333,-71.35667,401-438-8930,"Sun: 10:00am-8:00pm, Mon-Thu: 9:30am-9:30pm, Fri-Sat:9:30am-10:00pm",LAY,N,NULL,
10,164,6A Henry St,Commerce Center,Commack,NY,11725,40.80853,-73.29412,631-864-2016,"Sun: 9:00am-8:00pm, Mon-Thu: 9:00am-9:30pm, Fri-Sat: 9:00am-10:00pm",ACT,N,"Thursday, August 14, 2008",
10,166,306 N. Green River Road,Eastland Mall Convenience Center,Evansville,IN,47715,37.98,-87.49833,812-473-0490,"Sun: 11:00am-8:00pm, Mon-Thu: 9:30am-9:30pm, Fri-Sat: 9:30am-10:00pm",ACT,N,NULL,
10,167,1401 S. Federal Highway,Pompano Plaza,Pompano Beach,FL,33060,26.21167,-80.10833,954-785-4801,"Sun: 11:00am-8:00pm, Mon-Thu: 9:30am-9:30pm, Fri-Sat: 9:30am-10:00pm",,N,NULL,
10,168,4995 S Cleveland Avenue,Page Field Commons,Fort Myers,FL,33907,26.585609,-81.869959,239-931-4671,"Sun: 11:00am-8:00pm, Mon-Thu: 9:30am-9:30pm, Fri-Sat: 9:30am-10:00pm",,N,"Thursday, March 15, 2012",
10,169,12106 Lakewood Blvd.,Downey Landing ,Downey,CA,90241,33.9256,-118.1312,562-803-4834,"Sun: 11:00am-8:00pm, Mon-Thu: 9:30am-9:30pm, Fri-Sat: 9:30am-10:00pm",LAY,N,NULL,
10,170,2310 Monument Blvd ,The Crossroads ,Pleasant Hill ,CA,94523,37.945113,-122.055583,925-969-1806,"Sun: 11:00am-8:00pm, Mon-Thu: 9:30am-9:30pm, Fri-Sat: 9:30am-10:00pm",ACT,N,"Thursday, September 25, 2008",
10,171,4607 Kirkwood Highway,Midway Plaza,Wilmington,DE,19808,39.7235,-75.65895,302-998-7611,"Sun: 11:00am-8:00pm, Mon-Thu: 9:30am-9:30pm, Fri-Sat: 9:30am-10:00pm",HOM,N,NULL,
10,172,3616 Forest Lane,Park Forest Shopping Center,Dallas,TX,75234,32.90952,-96.85875,214-350-8373,"Sun: 11:00am-8:00pm, Mon-Thu: 9:30am-9:30pm, Fri-Sat: 9:30am-10:00pm",LAY,N,NULL,
10,173,13 McKenna Rd,Southridge Shopping Center,Arden ,NC,28704,35.44312148,-82.53459699,828-651-0327,"Sun: 11:00am-8:00pm, Mon-Thu: 9:30am-9:30pm, Fri-Sat: 9:30am-10:00pm",,N,NULL,
10,174,330 N Capitol Ave,Capitol Square Mall,San Jose,CA,95133,37.372297,-121.8433,408-929-0106,"Sun: 11:00am-8:00pm, Mon-Thu: 9:30am-9:30pm, Fri-Sat: 9:30am-10:00pm",ACT,N,"Thursday, November 03, 2011",
10,176,2115 9th Street North,Naples Plaza,Naples,FL,34102,26.17333,-81.79833,239-262-8681,"Sun: 11:00am-8:00pm, Mon-Thu: 9:30am-9:30pm, Fri-Sat: 9:30am-10:00pm",ACT,N,NULL,
10,177,77 Central Ave,NULL,Clark,NJ,07066,40.62833,-74.305,732-388-0707,"Sun: 11:00am-8:00pm, Mon-Thu: 9:30am-9:30pm, Fri-Sat: 9:30am-10:00pm",,N,"Thursday, February 24, 2011",
10,178,Bass Lake Road & West Broadway,The Crystal Shopping Center,Crystal,MN,55428,45.05416527,-93.36590522,763-537-7739,"Sun: 11:00am-8:00pm, Mon-Thu: 9:30am-9:30pm, Fri-Sat: 9:30am-10:00pm",ACT,N,NULL,
10,179,345 Rockaway Tpk,Bay Harbour Mall,Lawrence,NY,11559,40.62452,-73.73507,516-239-5100,"Sun: 10:00am-8:00pm, Mon-Thu: 9:30am-9:30pm, Fri-Sat: 9:30am-10:00pm",LAY$ACT,N,"Thursday, April 11, 2013",
10,180,17261 17th Street,Tustin's French Quarter,Tustin,CA,92780,33.75979,-117.82901,714-838-5319,"Sun: 10:00am-8:00pm, Mon-Thu: 9:30am-9:30pm, Fri-Sat: 9:30am-10:00pm",DEL,N,NULL,
10,181,1220 Winston Plaza,Winston Plaza,Melrose Park,IL,60160,41.90713193,-87.84955502,708-343-9494,"Sun: 11:00am-8:00pm, Mon-Thu: 9:30am-9:30pm, Fri-Sat: 9:30am-10:00pm",LAY$ACT,N,NULL,
10,184,1585 Plymouth Rd,Bonaventure Mall,Minnetonka,MN,55305,44.969214,-93.442982,952-546-1426,"Sun: 11:00am-8:00pm, Mon-Thu: 9:30am-9:30pm, Fri-Sat: 9:30am-10:00pm",ACT,N,"Thursday, March 29, 2012",
10,185,Rte.9w North,Kings Mall,Kingston,NY,12401,41.9653,-73.98825,845-336-5170,"Sun: 11:00am-8:00pm, Mon-Thu: 9:30am-10:00pm, Fri-Sat: 9:30am-10:00pm",ACT,N,NULL,
10,186,12 Mountain Road,S.Dale Shopping Center,Glen Burnie,MD,21061,39.134,-76.59583,410-760-7700,"Sun: 11:00am-8:00pm, Mon-Thu: 9:30am-9:30pm, Fri-Sat: 9:30am-10:00pm",DEL$LAY$ACT,N,NULL,
10,187,873 New Louden Rd. (Rt.9),New Loudon Center Plaza,Latham,NY,12110,42.75167,-73.75333,518-785-8222,"Sun: 11:00am-8:00pm, Mon-Thu: 9:30am-10:00pm, Fri-Sat: 9:30am-10:00pm",ACT,N,NULL,
10,188,11830 Wilcrest Drive,Stafford Plaza ,Houston,TX,77031,29.65667,-95.56333,281-879-4866,"Sun: 11:00am-8:00pm, Mon-Thu: 9:30am-9:30pm, Fri-Sat: 9:30am-10:00pm",LAY$ACT,N,NULL,
10,189,500 River Oaks Dr,River Oaks Shopping Center,Calumet City,IL,60409,41.60093858,-87.55468369,708-891-3870,"Sun: 11:00am-8:00pm, Mon-Thu: 9:30am-9:30pm, Fri-Sat: 9:30am-10:00pm",ACT$LAY,N,NULL,
10,190,2735 Eastland Center Drive,Eastland Shopping Center,West Covina,CA,91791,34.075,-117.89,626-967-6371,"Sun: 10:00am-8:00pm, Mon-Thu: 9:30am-9:30pm, Fri-Sat: 9:30am-10:00pm",LAY$ACT,N,NULL,
10,191,6700 Richmond Hgwy. (Rte. 1),Beacon Mall,Alexandria,VA,22306,38.77167,-77.08167,703-768-8725,"Sun: 11:00am-8:00pm, Mon-Thu: 9:30am-9:30pm, Fri-Sat: 9:30am-10:00pm",DEL$LAY,N,NULL,
10,192,1760 E. Woodman Road,Woodmen Commons Shopping Ctr.,Colorado Springs,CO,80920,38.932763,-104.793008,719-265-2500,"Sun: 10:00am-8:00pm, Mon-Thu: 9:30am-9:30pm, Fri-Sat: 9:30am-10:00pm",ACT,N,NULL,
10,193,1736 E 70th St,Eastgate Plaza Shopping Center,Shreveport,LA,71105,32.4434,-93.7167,318-798-9013,"Sun: 11:00am-8:00pm, Mon-Thu: 9:30am-9:30pm, Fri-Sat: 9:30am-10:00pm",LAY,N,NULL,
10,194,1795 US Hwy 1 S,Seabridge Square Shopping Center,St Augustine,FL,32084,29.86828,-81.32346,904-808-1246,"Sun: 10:00am-8:00pm, Mon-Thu: 9:00am-9:30pm, Fri-Sat: 9:00am-10:00pm",,N,NULL,
10,195,14401 Inglewood Avenue,Inglewood Rosecrans Center,Hawthorne,CA,90250,33.90072,-118.36126,310-679-1187,"Sun: 11:00am-8:00pm, Mon-Thu: 9:30am-9:30pm, Fri-Sat: 9:30am-10:00pm",LAY$ACT,N,NULL,
10,196,1700 S. Federal HGWY,The Plaza of Delray,Del Ray Beach,FL,33444,26.44,-80.07333,561-265-0566,"Sun: 11:00am-8:00pm, Mon-Thu: 9:30am-9:30pm, Fri-Sat: 9:30am-10:00pm",,N,NULL,
10,198,1385 West 8 Mile Rd,Gateway Marketplace,Detroit,MI,48203,42.44526,-83.1209,313-368-2023,"Sun: 11:00am-8:00pm, Mon-Thu: 9:30am-9:30pm, Fri-Sat: 9:30am-10:00pm",,N,"Thursday, August 29, 2013",
10,199, 28780 Gratiot Ave,Roseville Towne Center ,Roseville,MI,48066,42.50833,-82.925,586-776-0159,"Sun: 11:00am-8:00pm, Mon-Thu: 9:30am-9:30pm, Fri-Sat: 9:30am-10:00pm",ACT$LAY,N,"Thursday, August 15, 2013",
10,201,3675 Washtenaw Avenue,Arborland Center,Ann Arbor,MI,48104,42.2556813,-83.68741035,734-973-0851,"Sun: 11:00am-8:00pm, Mon-Thu: 9:30am-9:30pm, Fri-Sat: 9:30am-10:00pm",LAY$ACT,N,NULL,
10,203,673 San Rodolfo Drive,Lomas Santa Fe Square,Solana Beach,CA,92075,32.99417827,-117.2585836,858-755-0791,"Sun: 10:00am-8:00pm, Mon-Thu: 9:30am-9:30pm, Fri-Sat: 9:30am-10:00pm",DEL,N,NULL,
10,204,3740 S. Maryland Pkwy.,Boulevard Mall,Las Vegas - S. Maryland Pkwy,NV,89109,36.125,-115.13667,702-737-1117,"Sun: 11:00am-8:00pm, Mon-Thu: 9:30am-9:30pm, Fri-Sat: 9:30am-10:00pm",,N,NULL,
10,205,2739 S Market St,Santan Village Center ,Gilbert ,AZ,85295,33.30541243,-111.736292,480-722-1891,"Sun: 11:00am-8:00pm, Mon-Thu: 9:30am-9:30pm, Fri-Sat: 9:30am-10:00pm",,N,NULL,
10,207,3021 SW 160th Ave,The Fountains of Miramar,Miramar,FL,33027,25.98119,-80.35969,954-322-1385,"Sun: 11:00am-8:00pm, Mon-Thu: 9:30am-9:30pm, Fri-Sat: 9:30am-10:00pm",LAY,N,NULL,
10,208,3855 E. Foothill Boulevard,Hastings Ranch Plaza,Pasadena,CA,91107,34.15167,-118.065,626-351-9611,"Sun: 10:00am-8:00pm, Mon-Thu: 9:30am-9:30pm, Fri-Sat: 9:30am-10:00pm",DEL,N,NULL,
10,209,12051 Rockville Pike,Montrose Crossing,Rockville,MD,20852,39.05833,-77.11833,301-984-3440,"Sun: 11:00am-8:00pm, Mon-Thu: 9:30am-9:30pm, Fri-Sat: 9:30am-10:00pm",LAY$ACT,N,NULL,
10,210,411 Barnum Ave.,Stratford Square Center,Stratford,CT,06614,41.19733,-73.12379,203-377-4742,"Sun: 11:00am-8:00pm, Mon-Thu: 9:30am-9:30pm, Fri-Sat: 9:30am-10:00pm",LAY,N,NULL,
10,211,2036 66th St. North,Crosswinds Shopping Center,St. Petersburg,FL,33710,27.79,-82.72833,727-347-1170,"Sun: 11:00am-8:00pm, Mon-Thu: 9:30am-9:30pm, Fri-Sat: 9:30am-10:00pm",,N,NULL,
10,212,1635 W Lugonia Ave,Orangetree Marketplace,Redlands,CA,92374,34.07028,-117.20785,909-792-7722,"Sun: 11:00am-8:00pm, Mon-Thu: 9:30am-9:30pm, Fri-Sat: 9:30am-10:00pm",LAY,N,NULL,
10,214,591G Memorial Dr.,Chicopee Marketplace,Chicopee,MA,01020,42.1668,-72.57885,413-593-5670,"Sun: 11:00am-8:00pm, Mon-Thu: 9:30am-9:30pm, Fri-Sat: 9:30am-10:00pm",ACT$LAY,N,NULL,
10,215,264 North 12th Ave,The Market Place at Hanford,Hanford,CA,93230,36.32803,-119.7446,559-584-2326,"Sun: 11:00am-8:00pm, Mon-Thu: 9:30am-9:30pm, Fri-Sat: 9:30am-10:00pm",LAY$ACT,N,NULL,
10,216,10550 Maysville Road,Chapel Ridge Plaza,Fort Wayne,IN,46835,41.1365126,-85.00323652,260-492-7801,"Sun: 11:00am-8:00pm, Mon-Thu: 9:30am-9:30pm, Fri-Sat: 9:30am-10:00pm",,N,NULL,
10,217,3405 Erie Blvd. East,NULL,Syracuse,NY,13214,43.04738,-76.06978,315-445-4012,"Sun: 11:00am-8:00pm, Mon-Thu: 9:30am-9:30pm, Fri-Sat: 9:30am-10:00pm",ACT$HOM$LAY,N,NULL,
10,219,152 Jennifer Road,Annapolis Plaza,Annapolis,MD,21401,38.991866,-76.533528,410-266-7600,"Sun: 11:00am-8:00pm, Mon-Thu: 9:30am-9:30pm, Fri-Sat: 9:30am-10:00pm",DEL$LAY,N,NULL,
10,220,2952 Golf Rd,The Shoppes at Nagawaukee,Delafield,WI,53018,43.05373,-88.36957,262-646-7615,"Sun: 11:00am-8:00pm, Mon-Thu: 9:30am-9:30pm, Fri-Sat: 9:30am-10:00pm",,N,NULL,
10,221,2150 148th Avenue,Overlake Fashion Plaza,Redmond,WA,98052,47.63,-122.14333,425-644-2429,"Sun: 10:00am-8:00pm, Mon-Sat: 9:30am-9:30pm",,N,NULL,
10,222,2034 Military Road,Fashion Outlets,Niagara Falls,NY,14304,43.097103,-78.974701,716-297-3803,"Sun: 10:00am-7:00pm, Mon-Thu: 9:30am-9:30pm, Fri-Sat: 9:30am-10:00pm",,N,NULL,
10,223,39281 Fremont Hub,Fremont Hub,Fremont,CA,94538,37.54608,-121.98757,510-790-3505,"Sun: 11:00am-8:00pm, Mon-Thu: 9:30am-9:30pm, Fri-Sat: 9:30am-10:00pm",,N,NULL,
10,224,18236 Contour Road,Montgy Village Plaza,Gaithersburg,MD,20877,39.155,-77.20167,301-330-4075,"Sun: 11:00am-8:00pm, Mon-Thu: 9:30am-9:30pm, Fri-Sat: 9:30am-10:00pm",LAY,N,NULL,
10,225,9630 Airline Highway,Hammond Aire Plaza,Baton Rouge,LA,70815,30.43167,-91.08,225-926-9663,"Sun: 11:00am-8:00pm, Mon-Thu: 9:30am-9:30pm, Fri-Sat: 9:30am-10:00pm",LAY,N,NULL,
10,226,15801 Westminster Way North,Aurora Square,Shoreline,WA,98133,47.74333,-122.34333,206-367-8520,"Sun: 11:00am-8:00pm, Mon-Sat: 9:30am-9:30pm",,N,NULL,
10,228,2461N Atlantic Ave,Bellair Plaza,Daytona Beach,FL,32118,29.262568,-81.027584,386-676-3970,"Sun: 10:00am-8:00pm, Mon-Thu: 9:30am-9:30pm, Fri-Sat: 9:30am-10:00pm",,N,"Thursday, May 21, 2015",
10,229,"2800 State Hwy 121 N, Ste 700",Vineyard Village,Euless,TX,76039,32.880516,-97.097598,817-545-3912,"Sun: 11:00am-8:00pm, Mon-Thu: 9:30am-9:30pm, Fri-Sat: 9:30am-10:00pm",LAY,N,"Thursday, March 27, 2008",
10,230,4950 Hadley Center Dr,Hadley Center II,South Plainfield,NJ,07080,40.54903346,-74.42897428,908-753-1936,"Sun: 11:00am-8:00pm, Mon-Thu: 9:30am-9:30pm, Fri-Sat: 9:30am-10:00pm",LAY,N,NULL,
10,231,389 Tenney Mountain Highway,Hatch Plaza,Plymouth ,NH,03264,43.77062,-71.72035,603-536-6092,"Sun: 10:00am-8:00pm, Mon-Sat: 9:00am-9:30pm",,N,NULL,
10,232,205 Palm Bay Rd Ste 151 ,Hammocks Landing ,West Melbourne,FL,32904,28.038638,-80.663758,321-956-8678,"Sun: 10:00am-8:00pm, Mon-Thu: 9:30am-9:30pm, Fri-Sat: 9:30am-10:00pm",,N,"Thursday, March 12, 2009",
10,233,1700 Deming Way,Greenway Station Plaza ,Middleton,WI,53562,43.090861,-89.523098,608-831-5303,"Sun: 11:00am-8:00pm, Mon-Thu: 9:30am-9:30pm, Fri-Sat: 9:30am-10:00pm",ACT,N,NULL,
10,234,862 Middle Road,Duck Creek Plaza,Bettendorf,IA,52722,41.538681,-90.521573,563-359-0005,"Sun: 11:00am-8:00pm, Mon-Thu: 9:30am-9:30pm, Fri-Sat: 9:30am-10:00pm",ACT,N,NULL,
10,235,1154 South Rochester Road,Winchester Mall,Rochester,MI,48307,42.66404,-83.1331,248-651-0950,"Sun: 11:00am-8:00pm, Mon-Thu: 9:30am-9:30pm, Fri-Sat: 9:30am-10:00pm",HOM$ACT,N,NULL,
10,237,1900 Greentree Road,Marshalls Plaza,Greentree,PA,15220,40.39167,-80.065,412-341-1855,"Sun: 11:00am-8:00pm, Mon-Thu: 9:30am-9:30pm, Fri-Sat: 9:30am-10:00pm",DEL,N,NULL,
10,238,4228 S Scatterfield Rd,Southtown Plaza,Anderson,IN,46013,40.0706,-85.65272,765-643-5915,"Sun: 11:00am-8:00pm, Mon-Thu: 9:30am-9:30pm, Fri-Sat: 9:30am-10:00pm",LAY,N,NULL,
10,239,"3940 Route 251, Ste C-1",Peru Mall,Peru,IL,61354,41.35377,-89.12548,815-223-3986,"Sun: 11:00am-7:00pm, Mon-Thu: 9:30am-9:00pm, Fri-Sat: 9:30am-9:00pm",,N,NULL,
10,240,5895 Lincoln Avenue,NULL,Buena Park,CA,90620,33.8318,-118.03037,714-828-4760,"Sun: 10:00am-9:00pm, Mon-Thu: 9:30am-9:30pm, Fri-Sat: 9:30am-10:00pm",LAY,N,NULL,
10,241,625 West Edgard Road,Aviation Plaza,Linden,NJ,07036,40.61737,-74.24986,908-862-5670,"Sun: 10:00am-8:00pm, Mon-Thu: 9:30am-9:30pm, Fri-Sat: 9:30am-10:00pm",ACT$LAY,N,NULL,
10,242,841 Dawsonville Highway,Village Shoppes of Gainesville,Gainesville,GA,30501,34.298228,-83.857057,770-531-0548,"Sun: 11:00am-9:00pm, Mon-Thu: 9:30am-9:30pm, Fri-Sat: 9:30am-10:00pm",,N,NULL,
10,243,12975 West Center Road,NULL,Omaha,NE,68144,41.233672,-96.117673,402-333-8603,"Sun: 11:00am-8:00pm, Mon-Thu: 9:30am-9:30pm, Fri-Sat: 9:30am-10:00pm",ACT,N,NULL,
10,244,300 New State Hwy,Shaws Plaza ,Raynham,MA,02767,41.90716,-71.05226,508-824-1344,"Sun: 11:00am-8:00pm, Mon-Thu: 9:30am-9:30pm, Fri-Sat: 9:30am-10:00pm",ACT,N,NULL,
10,245,2400 Main Street,Main Commons,Evanston,IL,60201,42.032,-87.7085,847-869-4661,"Sun: 11:00am-8:00pm, Mon-Thu: 9:30am-9:30pm, Fri-Sat: 9:30am-10:00pm",ACT,N,NULL,NULL
10,246,499-19 W. Sunrise Hgwy.,Gateway Plaza,Patchogue,NY,11772,40.77757,-73.03716,631-654-4730,"Sun: 9:00am-8:00pm, Mon-Thu: 9:00am-9:30pm, Fri-Sat: 9:00am-10:00pm",,N,NULL,
10,247,11455 Parkside Dr Bldg 400 ,Turkey Creek  ,Knoxville,TN,37934,35.899822,-84.166498,865-966-0165,"Sun: 11:00am-8:00pm, Mon-Thu: 9:30am-9:30pm, Fri-Sat: 9:30am-10:00pm",ACT,N,"Thursday, March 05, 2009",
10,248,20420 Highway 59 North,Deerbrook Marketplace,Humble,TX,77338,30.006187,-95.265639,281-446-7747,"Sun: 11:00am-8:00pm, Mon-Thu: 9:30am-9:30pm, Fri-Sat: 9:30am-10:00pm",LAY,N,NULL,
10,249,1875 28th Street,Crossroads Mall,Boulder,CO,80301,40.01667,-105.25833,303-449-1997,"Sun: 10:00am-7:00pm, Mon-Thu: 9:30am-9:30pm, Fri-Sat: 9:30am-10:00pm",ACT,N,NULL,
10,251,225 Erie Blvd West,Freedom Plaza,Rome,NY,13440,43.21137,-75.46067,315-337-4790,"Sun: 11:00am-8:00pm, Mon-Thu: 9:30am-9:30pm, Fri-Sat: 9:30am-10:00pm",LAY,N,NULL,
10,252,7244 US 19,Shoppes at Park Place,Pinellas Park,FL,33781,27.8377,-82.68286,727-527-1756,"Sun: 11:00am-8:00pm, Mon-Thu: 9:30am-9:30pm, Fri-Sat: 9:30am-10:00pm",,N,NULL,
10,253,101 E. Alexander/Bellbrooke Road,Cross Pointe Shopping Center,Dayton,OH,45459,39.645,-84.15483,937-435-0547,"Sun: 11:00am-8:00pm, Mon-Thu: 9:30am-9:30pm, Fri-Sat: 9:30am-10:00pm",ACT$LAY,N,NULL,
10,254,43500 West Oaks Drive,West Oaks ,Novi,MI,48377,42.49141,-83.478628,248-348-3355,"Sun: 11:00am-8:00pm, Mon-Thu: 9:30am-9:30pm, Fri-Sat: 9:30am-10:00pm",LAY$ACT,N,NULL,
10,257,9130 Overland Plaza,Overland Plaza,Overland,MO,63114,38.68661,-90.36134,314-429-0039,"Sun: 10:00am-8:00pm, Mon-Thu: 9:30am-9:30pm, Fri-Sat: 9:30am-10:00pm",ACT$LAY,N,NULL,
10,259,10025 N Michigan Rd Ste 100,West Carmel Market Place,Carmel,IN,46032,39.93263,-86.23296,317-872-3297,"Sun: 10:00am-8:00pm, Mon-Thu: 9:00am-9:30pm, Fri-Sat: 9:00am-10:00pm",ACT$LAY,N,NULL,
10,263,"1101 Outlet Collection Drive SW, #1057",Super Mall of the Great Northwest,Auburn,WA,98001,47.3043,-122.196,253-804-4624,"Sun: 11:00am-8:00pm, Mon-Sat: 9:30am-9:30pm",ACT,N,NULL,
10,264,8467 Cooper Creek Blvd.,University Center,University Park (Bradenton),FL,34201,27.391335,-82.453356,941-359-6828,"Sun: 11:00am-8:00pm, Mon-Thu: 9:30am-9:30pm, Fri-Sat: 9:30am-10:00pm",ACT,N,"Thursday, October 29, 2009",
10,265,1516 Golden Gate,Golden Gate Plaza,Mayfield Heights,OH,44124,41.52058,-81.44975,440-442-1407,"Sun: 11:00am-8:00pm, Mon-Thu: 9:30am-9:30pm, Fri-Sat: 9:30am-10:00pm",DEL,N,NULL,
10,267,20940 Westgate,Westgate Mall,Fairview Park (Rocky River) ,OH,44126,41.461595,-81.852285,440-356-1762,"Sun: 11:00am-8:00pm, Mon-Thu: 9:30am-9:30pm, Fri-Sat: 9:30am-10:00pm",ACT$DEL,N,"Thursday, September 13, 2007",
10,269,741 West 2nd St.,NULL,San Bernardino,CA,92410,34.10167,-117.29833,909-885-3358,"Sun: 11:00am-8:00pm, Mon-Thu: 9:30am-9:30pm, Fri-Sat: 9:30am-10:00pm",LAY,N,NULL,
10,271,2545 El Camino Real,280 Metro Center,Redwood City,CA,94061,37.47667,-122.22,650-366-1142,"Sun: 11:00am-8:00pm, Mon-Thu: 9:30am-9:30pm, Fri-Sat: 9:30am-10:00pm",ACT,N,NULL,
10,272,310 E. H Street & I-805,Terra Nova Shopping Center,Chula Vista,CA,91911,32.64167,-117.05333,619-425-6006,"Sun: 10:00am-8:00pm, Mon-Thu: 9:30am-9:30pm, Fri-Sat: 9:30am-10:00pm",LAY,N,NULL,
10,273,65 Colma Boulevard,Metro Colma Mall,Colma,CA,94014,37.67,-122.46333,650-992-5350,"Sun: 11:00am-8:00pm, Mon-Thu: 9:30am-9:30pm, Fri-Sat: 9:30am-10:00pm",,N,NULL,
10,274,760 Market St,Phelan Building,San Francisco,CA,94102,37.78669,-122.4051,415-395-9068,"Sun: 10:00am-8:00pm, Mon-Thu: 9:00am-9:30pm, Fri-Sat: 9:00am-10:00pm",ACT,N,"Thursday, April 18, 2013",
10,275,544 Westgate Drive ,Westgate Mall,Brockton,MA,02301,42.09667,-71.05333,508-586-1928,"Sun: 11:00am-8:00pm, Mon-Thu: 9:30am-9:30pm, Fri-Sat: 9:30am-10:00pm",LAY,N,"Thursday, March 31, 2011",
10,276,901 West 136th St,Stateline Station,Kansas City,MO,64145,38.881353,-94.601911,816-942-3158,"Sun: 11:00am-8:00pm, Mon-Thu: 9:30am-9:30pm, Fri-Sat: 9:30am-10:00pm",,N,"Thursday, August 05, 2010",
10,277,"111 Meadow Farm Rd, S150 ",Ambassador Town Center,Lafayette,LA,70508,30.157022,-92.044556,337-534-0988,"Sun: 11:00am-8:00pm, Mon-Thu: 9:30am-9:30pm, Fri-Sat: 9:30am-10:00pm",HOM$LAY,Y,"Thursday, March 17, 2016",Now Open!<br>
10,279,327 Carroll St,Montgomery Plaza,Fort Worth,TX,70503,32.75567,-97.35459,817-810-0943,"Sun: 11:00am-8:00pm, Mon-Thu: 9:30am-9:30pm, Fri-Sat: 9:30am-10:00pm",LAY,N,NULL,
10,280,101 Orland Park Place,Orland Park Place,Orland Park,IL,60462,41.60167,-87.855,708-349-1756,"Sun: 10:00am-8:00pm, Mon-Thu: 9:30am-9:30pm, Fri-Sat: 9:30am-10:00pm",ACT$LAY,N,NULL,
10,281,"1701 Us Hgwy 22, West ",Blue Star Shopping Center,Watchung,NJ,07060,40.65369,-74.40565,908-322-4035,"Sun: 11:00am-8:00pm, Mon-Thu: 9:30am-9:30pm, Fri-Sat: 9:30am-10:00pm",LAY,N,NULL,
10,282,2771 W Florida Ave,Hemet Village Retail Centre,Hemet,CA,92545,33.74738,-117.00073,951-766-0775,"Sun: 11:00am-8:00pm, Mon-Thu: 9:30am-9:30pm, Fri-Sat: 9:30am-10:00pm",LAY$ACT,N,NULL,
10,283,2676 Canyon Springs Pkwy,Canyon Springs Marketplace,Riverside,CA,92507,33.94117,-117.28291,951-653-6858,"Sun: 11:00am-8:00pm, Mon-Thu: 9:30am-9:30pm, Fri-Sat: 9:30am-10:00pm",LAY,N,NULL,
10,284,2458 W. Brandon Boulevard,Regency Square,Brandon,FL,33511,27.94044,-82.3247,813-684-1559,"Sun: 11:00am-8:00pm, Mon-Thu: 9:30am-9:30pm, Fri-Sat: 9:30am-10:00pm",,N,NULL,
10,285,3661 W. Waters Avenue,Fashion Oaks,Tampa,FL,33614,28.025,-82.505,813-931-1822,"Sun: 10:00am-8:00pm, Mon-Thu: 9:30am-9:30pm, Fri-Sat: 9:30am-10:00pm",LAY$ACT,N,NULL,
10,286,1425 W I-240 Service Rd,240 Penn Park Mall,Oklahoma City,OK,73159,35.39256225,-97.54766746,405-681-1679,"Sun: 11:00am-8:00pm, Mon-Thu: 9:30am-9:30pm, Fri-Sat: 9:30am-10:00pm",,N,NULL,
10,287,3420 W Century Blvd,The Village at Century,Inglewood,CA,90303,33.94539,-118.3316,310-671-5405,"Sun: 11:00am-8:00pm, Mon-Thu: 9:30am-9:30pm, Fri-Sat: 9:30am-10:00pm",LAY,N,NULL,
10,288,11255 Garland Road,White Rock Market Place,Dallas,TX,75218,32.84917,-96.68467,214-324-2998,"Sun: 11:00am-8:00pm, Mon-Thu: 9:30am-9:30pm, Fri-Sat: 9:30am-10:00pm",LAY,N,NULL,
10,291,8480 Beverly Boulevard, Beverly Connection ,Los Angeles,CA,90048,34.0738,-118.375828,323-951-1928,"Sun: 11:00am-8:00pm, Mon-Thu: 9:30am-9:30pm, Fri-Sat: 9:30am-10:00pm",DEL,n,"Thursday, May 03, 2012",
10,292,6221Bristol PKWY. & Green Valley Circle,Fox Hills Plaza,Culver City,CA,90230,33.98833,-118.39167,310-337-9158,"Sun: 11:00am-8:00pm, Mon-Thu: 9:30am-9:30pm, Fri-Sat: 9:30am-10:00pm",DEL$LAY,N,NULL,
10,293,3205 Alderwood Mall Blvd.,Alderwood Town Square,Lynnwood,WA,98037,47.83333,-122.26333,425-771-6045,"Sun: 11:00am-8:00pm, Mon-Sat: 9:30am-9:30pm",ACT,N,NULL,
10,294,2508 West Loop 340,Central Texas Marketplace,Waco,TX,76711,31.49782,-97.15233,254-662-5327,"Sun: 11:00am-8:00pm, Mon-Thu: 9:30am-9:30pm, Fri-Sat: 9:30am-10:00pm",LAY,N,NULL,
10,296,6233 E. State Street,Forest Plaza,Rockford,IL,61108,42.26669,-88.99832,815-398-4300,"Sun: 11:00am-8:00pm, Mon-Thu: 9:00am-9:30pm, Fri-Sat: 9:00am-10:00pm",ACT$LAY,N,NULL,
10,297,3615 Brenbrook Road,Liberty Plaza,Randallstown,MD,21133,39.36395,-76.78482,410-521-3202,"Sun: 11:00am-8:00pm, Mon-Thu: 9:30am-9:30pm, Fri-Sat: 9:30am-10:00pm",LAY,N,NULL,
10,298,13955 New Halls Ferry Road,Shoppes at Cross Keys,Florissant,MO,63033,38.80657,-90.29958,314-839-9600,"Sun: 10:00am-8:00pm, Mon-Thu: 9:30am-9:30pm, Fri-Sat: 9:30am-10:00pm",ACT$LAY,N,NULL,
10,299,31878 Del Obispo,Del Obispo Plaza,San Juan Capistrano,CA,92675,33.49667,-117.66167,949-240-2711,"Sun: 10:00am-8:00pm, Mon-Thu: 9:30am-9:30pm, Fri-Sat: 9:30am-10:00pm",DEL,N,NULL,
10,300,4213 Washington Road,Mullins Crossing,Evans,GA,30809,33.52551,-82.12046,706-863-7144,"Sun: 11:00am-9:00pm, Mon-Thu: 9:30am-9:30pm, Fri-Sat: 9:30am-10:00pm",DEL$LAY,N,"Thursday, April 13, 2006",
10,301,25 Hazard Ave,Enfield Commons,Enfield,CT,06082,41.98991,-72.58092,860-741-7100,"Sun: 11:00am-8:00pm, Mon-Thu: 9:30am-9:30pm, Fri-Sat: 9:30am-10:00pm",ACT,N,"Thursday, October 27, 2005",
10,302,535 Coleman Ave,San Jose Market Center,San Jose,CA,95110,37.34068,-121.90574,408-275-8919,"Sun: 11:00am-8:00pm, Mon-Thu: 9:30am-9:30pm, Fri-Sat: 9:30am-10:00pm",ACT,N,"Thursday, March 16, 2006",
10,304,1050 McKinley Pl. Dr. Suite 200,Red Oak Village,San Marcos,TX,78666,29.854836,-97.952839,512-392-7330,"Sun: 11:00am-8:00pm, Mon-Thu: 9:30am-9:30pm, Fri-Sat: 9:30am-10:00pm",,N,"Thursday, October 26, 2006",
10,305,6 Charles St,South Cape Village,Mashpee,MA,02649,41.61826,-70.48785,508-539-6710,"Sun: 900am-8:00pm, Mon-Thu: 9:30am-9:30pm, Fri-Sat: 9:00am-10:00pm",ACT,N,"Thursday, May 11, 2006",
10,307,1515 N. Towneast Blvd.,Market East Mall,Mesquite,TX,75150,32.81,-96.61,972-681-9757,"Sun: 11:00am-8:00pm, Mon-Thu: 9:30am-9:30pm, Fri-Sat: 9:30am-10:00pm",LAY,N,NULL,
10,308,5810 E Florence Ave,Village Square,Bell Gardens,CA,90201,33.967277,-118.164081,562-806-3707,"Sun: 10:00am-8:00pm, Mon-Thu: 9:30am-9:30pm, Fri-Sat: 9:30am-10:00pm",LAY$ACT,N,"Thursday, August 03, 2006",
10,309,"3501 Route 42, Unit 250",Cross Keys Common,Turnersville,NJ,08012,39.72755,-75.03414,856-740-1349,"Sun: 11:00am-8:00pm, Mon-Thu: 9:30am-9:30pm, Fri-Sat: 9:30am-10:00pm",LAY,N,"Thursday, May 18, 2006",
10,310,4141 Woodruff Avenue,Carwood West Shopping Center,Lakewood,CA,90713,33.833222,-118.1175,562-497-1037,"Sun: 11:00am-8:00pm, Mon-Thu: 9:30am-9:30pm, Fri-Sat: 9:30am-10:00pm",DEL,N,"Thursday, October 04, 2012",
10,311,22 McGrath Hwy,Twin City Plaza,Somerville,MA,02143,42.37413,-71.08459,617-776-0674,"Sun: 11:00am-8:00pm, Mon-Thu: 9:30am-9:30pm, Fri-Sat: 9:30am-10:00pm",LAY$ACT,N,"Thursday, May 04, 2006",
10,312,5 Bel Air So. Parkway,Festival at Bel Air,Bel Air,MD,21014,39.49584,-76.32677,410-515-0208,"Sun: 11:00am-8:00pm, Mon-Thu: 9:30am-9:30pm, Fri-Sat: 9:30am-10:00pm",LAY,N,NULL,
10,313,12909 Shops Parkway ,Shops at the Galleria,Bee Cave,TX,78738,30.304784,-97.942407,512-263-1155,"Sun: 11:00am-8:00pm, Mon-Thu: 9:30am-9:30pm, Fri-Sat: 9:30am-10:00pm",,N,"Thursday, May 18, 2006",
10,314,1834 Marron Rd.,North County Plaza,Carlsbad,CA,92008,33.17965,-117.33277,760-434-8900,"Sun: 10:00am-8:00pm, Mon-Thu: 9:30am-9:30pm, Fri-Sat: 9:30am-10:00pm",DEL,N,NULL,
10,316,3250 Airport Blvd. Ste E-27,Springdale Mall,Mobile,AL,36608,30.676458,-88.122415,251-479-1544,"Sun: 11:00am-8:00pm, Mon-Thu: 9:30am-9:30pm, Fri-Sat: 9:30am-10:00pm",LAY,N,"Thursday, October 14, 2010",
10,319,3675 Satellite Boulevard,Gwinnett Market Fair,Duluth,GA,30096,33.95927,-84.13609,770-497-1052,"Sun: 11:00am-9:00pm, Mon-Thu: 9:30am-9:30pm, Fri-Sat: 9:30am-10:00pm",DEL$LAY$ACT,N,NULL,
10,320,11865 SW 26th Street,Las Americas Central Plaza,Miami - Sw 26th St.,FL,33175,25.74667,-80.39,305-221-6999,"Sun: 11:00am-8:00pm, Mon-Thu: 9:30am-9:30pm, Fri-Sat: 9:30am-10:00pm",DEL,N,NULL,
10,321,200 Franklin Village Drive,Franklin Village Shopping Center,Franklin,MA,02038,42.09,-71.42667,508-520-0338,"Sun: 10:00am-8:00pm, Mon-Thu: 9:30am-9:30pm, Fri-Sat:9:00am-10:00pm",ACT,N,NULL,
10,322,9500 Dorchester Rd,The Corner at Wescott,North Charleston,SC,29418,32.936342,-80.14201,843-832-0479,"Sun: 11:00am-8:00pm, Mon-Thu: 9:30am-9:30pm, Fri-Sat: 9:30am-10:00pm",LAY,N,"Thursday, February 20, 2014",
10,323,205 Ken Pratt Blvd.,Harvest Junction,Longmont,CO,80504,40.16358,-105.099481,303-485-1181,"Sun: 10:00am-8:00pm, Mon-Thu: 9:30am-9:30pm, Fri-Sat: 9:30am-10:00pm",ACT,N,"Thursday, September 14, 2006",
10,324,954 Freeport Road,Waterworks Mall,Fox Chapel,PA,15238,40.48797,-79.88474,412-781-4730,"Sun: 11:00am-8:00pm, Mon-Thu: 9:30am-9:30pm, Fri-Sat: 9:30am-10:00pm",DEL$LAY,N,NULL,
10,325,3852 W. Hillsboro Boulevard,Deerfield Mall,Deerfield Beach,FL,33442,26.31701,-80.15356,954-360-9100,"Sun: 11:00am-8:00pm, Mon-Thu: 9:30am-9:30pm, Fri-Sat: 9:30am-10:00pm",,N,NULL,
10,326,436 W. Lincoln Hwy,Festival at Exton,Exton,PA,19341,40.024581,-75.647304,484-875-2980,"Sun: 11:00am-8:00pm, Mon-Thu: 9:30am-9:30pm, Fri-Sat: 9:30am-10:00pm",ACT$HOM,N,"Thursday, October 23, 2008",
10,328,1641 Fall River Drive,Centerra Shopping Plaza,Loveland,CO,80538,40.40814,-105.003335,970-461-9459,"Sun: 10:00am-8:00pm, Mon-Thu: 9:30am-9:30pm, Fri-Sat: 9:30am-10:00pm",ACT,N,"Thursday, September 14, 2006",
10,329,3615 S. Florida Avenue,Merchants Walk,Lakeland,FL,33803,27.99667,-81.95833,863-647-3316,"Sun: 11:00am-8:00pm, Mon-Thu: 9:30am-9:30pm, Fri-Sat: 9:30am-10:00pm",LAY,N,NULL,
10,330,4487 Main Street,Brookside Shopping Center,Bridgeport,CT,06606,41.21833,-73.21833,203-374-9651,"Sun: 11:00am-8:00pm, Mon-Thu: 9:30am-9:30pm, Fri-Sat: 9:30am-10:00pm",LAY,N,NULL,
10,331,2152 Delaware Ave.,Marshalls Plaza,Buffalo,NY,14216,42.94267,-78.86767,716-874-8896,"Sun: 11:00am-8:00pm, Mon-Thu: 9:30am-9:30pm, Fri-Sat: 9:30am-10:00pm",ACT,N,NULL,
10,333,10500 Ulmerton Rd Ste 650,Largo Mall,Largo,FL,33770,27.89190642,-82.78294802,727-586-3617,"Sun: 11:00am-8:00pm, Mon-Thu: 9:30am-9:30pm, Fri-Sat: 9:30am-10:00pm",,N,NULL,
10,334,14133 Rivergate Parkway,Rivergate Shopping Center,Charlotte (Lake Wylie),NC,28273,35.103341,-80.98888,704-588-8388,"Sun: 11:00am-8:00pm, Mon-Thu: 9:30am-9:30pm, Fri-Sat: 9:30am-10:00pm",DEL$ACT,N,"Thursday, August 10, 2006",
10,335,105 Marketplace Dr,Mercury Plaza,Hampton,VA,23666,37.037649,-76.401463,757-825-1962,"Sun: 11:00am-8:00pm, Mon-Thu: 9:30am-9:30pm, Fri-Sat: 9:30am-10:00pm",,Y,"Thursday, March 17, 2016",Now Open!<br>
10,336,9939 Chapman Ave.,Garden Promenade,Garden Grove,CA,92840,33.78833,-117.95667,714-539-6162,"Sun: 10:00am-9:00pm, Mon-Thu: 9:30am-9:30pm, Fri-Sat: 9:30am-10:00pm",,N,NULL,
10,337,4540 Princess Anne Rd Suite 129,Brenneman Farm Marketplace,Virginia Beach,VA,23462,36.80777,-76.1321,757-467-5937,"Sun: 11:00am-8:00pm, Mon-Thu: 9:30am-9:30pm, Fri-Sat: 9:30am-10:00pm",ACT,N,"Thursday, March 07, 2013",
10,338,6216 Glenwood Ave. (Hwy. 70w),Pleasant Valley Promenade,Raleigh - Glenwood Ave.,NC,27612,35.854944,-78.70054007,919-783-6423,"Sun: 11:00am-8:00pm, Mon-Thu: 9:30am-9:30pm, Fri-Sat: 9:30am-10:00pm",,N,NULL,
10,339,253 Commons Drive,Commons of Chicago Ridge,Chicago Ridge,IL,60415,41.70927,-87.78118,708-422-3920,"Sun: 11:00am-8:00pm, Mon-Thu: 9:30am-9:30pm, Fri-Sat: 9:30am-10:00pm",DEL$LAY$ACT,N,NULL,
10,340,1729 N. Congress Avenue,Catalina Shopping Centre,Boynton Beach,FL,33426,26.545,-80.09167,561-736-8401,"Sun: 11:00am-8:00pm, Mon-Thu: 9:30am-9:30pm, Fri-Sat: 9:30am-10:00pm",,N,NULL,
10,341,6927 S. Lindbergh Blvd.,Marshalls Plaza,Mehlville,MO,63129,38.5116,-90.33407,314-894-8902,"Sun: 10:00am-8:00pm, Mon-Thu: 9:30am-9:30pm, Fri-Sat: 9:30am-10:00pm",ACT$LAY,N,NULL,
10,343,6042 Azle Ave,Lake Worth Marketplace,Lake Worth,TX,76135,32.815016,-97.416668,817-237-6702,"Sun: 11:00am-8:00pm, Mon-Thu: 9:30am-9:30pm, Fri-Sat: 9:30am-10:00pm",LAY,N,"Thursday, March 08, 2007",
10,344,8431 Sudley Road,Manaport Plaza,Manassas,VA,20109,38.773793,-77.499295,703-330-7754,"Sun: 11:00am-8:00pm, Mon-Thu: 9:30am-9:30pm, Fri-Sat: 9:30am-10:00pm",ACT,N,NULL,
10,345,1040 Grant Road,Grant Plaza,Mountain View,CA,94040,37.37914,-122.07451,650-965-4091,"Sun: 11:00am-8:00pm, Mon-Thu: 9:30am-9:30pm, Fri-Sat: 9:30am-10:00pm",,N,NULL,
10,346,7335 Mentor Avenue,Points East Plaza,Mentor,OH,44060,41.651734,-81.379299,440-953-1571,"Sun: 11:00am-8:00pm, Mon-Thu: 9:30am-9:00pm, Fri-Sat: 9:30am-10:00pm",,N,NULL,
10,347,1400 East Hillside Dr,Shops at Broken Arrow,Broken Arrow,OK,74012,36.066687,-95.778264,918-355-2886,"Sun: 11:00am-8:00pm, Mon-Thu: 9:30am-9:30pm, Fri-Sat: 9:30am-10:00pm",,N,"Thursday, April 30, 2009",
10,348,87 Main St.,Redstone Plaza,Stoneham,MA,02180,42.49167,-71.10167,781-438-1520,"Sun: 11:00am-8:00pm, Mon-Thu: 9:30am-9:30pm, Fri-Sat: 9:00am-9:30pm",ACT,N,NULL,
10,349,379 Stoneridge Lane,Stone Ridge Plaza,Gahanna,OH,43230,40.05317199,-82.86613405,614-475-5460,"Sun: 11:00am-8:00pm, Mon-Thu: 9:30am-9:30pm, Fri-Sat: 9:30am-10:00pm",HOM$LAY,N,NULL,
10,350,2475 NW Federal Hwy,Pineapple Commons,Stuart,FL,34994,27.2352,-80.266025,772-232-3220,"Sun: 11:00am-8:00pm, Mon-Thu: 9:30am-9:30pm, Fri-Sat: 9:30am-10:00pm",,N,"Thursday, March 11, 2010",
10,351,2642 Holcomb Bridge Rd,East Village,Alpharetta,GA,30022,33.99948217,-84.2837177,770-643-7888,"Sun: 11:00am-9:00pm, Mon-Thu: 9:30am-9:30pm, Fri-Sat: 9:30am-10:00pm",DEL,N,"Thursday, August 27, 2009",
10,352,2544 Narragansett Ave.,Brickyard Shopping Center,Chicago,IL,60707,41.929624,-87.787153,773-804-0692,"Sun: 11:00am-8:00pm, Mon-Thu: 9:30am-9:30pm, Fri-Sat: 9:30am-10:00pm",DEL$LAY,N,NULL,
10,353,2625 Piedmont Road NE,Buckhead Crossing,Atlanta,GA,30324,33.82643,-84.36606,404-233-3848,"Sun: 11:00am-8:00pm, Mon-Thu: 9:30am-9:30pm, Fri-Sat: 9:30am-10:00pm",LAY,N,NULL,
10,354,1800 Clements Bridge Road,Deptford Crossing,Deptford,NJ,08096,39.83378,-75.1008,856-384-1636,"Sun: 11:00am-8:00pm, Mon-Thu: 9:30am-9:30pm, Fri-Sat: 9:30am-10:00pm",,N,NULL,
10,355,34 Cambridge Street,Crossroads Shopping Center,Burlington,MA,01803,42.48397,-71.1876,781-270-5899,"Sun: 11:00am-8:00pm, Mon-Thu: 9:30am-9:30pm, Fri-Sat: 9:00am-10:00pm",ACT,N,NULL,
10,356,7795 W. Flagler Street,Mall of the Americas,Miami - W. Flagler St.,FL,33144,25.77114,-80.3224,305-267-1400,"Sun: 11:00am-7:00pm, Mon-Thu: 9:30am-9:00pm, Fri-Sat: 9:30am-9:00pm",DEL,N,NULL,
10,357,7351 S.E. 29th Street,Town Center Plaza,Midwest City,OK,73110,35.434856,-97.404747,405-732-2115,"Sun: 11:00am-8:00pm, Mon-Thu: 9:30am-9:30pm, Fri-Sat: 9:30am-10:00pm",LAY$ACT,N,"Thursday, October 26, 2006",
10,358,650 Rte. 70,NULL,Brick Town,NJ,08723,40.06167,-74.14,732-920-2628,"Sun: 10:00am-8:00pm, Mon-Thu: 9:30am-9:30pm, Fri-Sat: 9:30am-10:00pm",ACT,N,NULL,
10,359,622 George Washington Hwy,Lincoln Mall,Lincoln,RI,02865,41.93719,-71.47634,401-334-3262,"Sun: 10:00am-8:00pm, Mon-Thu: 9:30am-9:30pm, Fri-Sat:9:30am-10:00pm",LAY$ACT,N,NULL,
10,360,533 S. Broad Street,Townline Square,Meriden,CT,06450,41.5086,-72.80741,203-238-7525,"Sun: 11:00am-8:00pm, Mon-Thu: 9:30am-9:30pm, Fri-Sat: 9:30am-10:00pm",,N,NULL,
10,361,100 Bergen Town Center,Bergen Mall,Paramus,NJ,07652,40.91559,-74.05636,201-845-9293,"Sun: Closed, Mon-Thu 9:30am-9:30pm, Fri-Sat 9:30am-10:00pm",LAY,N,NULL,
10,362,1885 State Rt 57 Ste 400,Mansfield Commons,Hackettstown,NJ,07840,40.819299,-74.839729,908-684-2403,"Sun: 11:00am-8:00pm, Mon-Thu: 9:30am-9:30pm, Fri-Sat: 9:30am-10:00pm",ACT,N,"Thursday, September 03, 2015",
10,363,3008 Ming Ave.,NULL,Bakersfield,CA,93307,35.34,-119.03667,661-832-7595,"Sun: 11:00am-8:00pm, Mon-Thu: 9:30am-9:30pm, Fri-Sat: 9:30am-10:00pm",LAY,N,NULL,
10,364,388 Feura Bush Road,Glenmont Shopping Center,Glenmont,NY,12077,42.601663,-73.794568,518-465-3724,"Sun: 11:00am-8:00pm, Mon-Thu: 9:30am-10:00pm, Fri-Sat: 9:30am-10:00pm",LAY,N,"Thursday, April 19, 2007",
10,365,240 Rte 10 West,East Hanover Plaza,E. Hanover,NJ,07936,40.80667,-74.37,973-887-8986,"Sun: 10:00am-8:00pm, Mon-Thu: 9:00am-9:30pm, Fri-Sat: 9:00am-10:00pm",LAY$ACT,N,NULL,
10,366,3735 Union Road,Consumer Square,Cheektowaga (Buffalo),NY,14216,42.91367,-78.75417,716-685-6901,"Sun: 11:00am-8:00pm, Mon-Thu: 9:30am-9:30pm, Fri-Sat: 9:30am-10:00pm",ACT,N,NULL,
10,367,1717 Beam Ave.,Birch Run Station,Maplewood,MN,55109,45.02833,-93.01833,651-779-9564,"Sun: 11:00am-8:00pm, Mon-Thu: 9:30am-9:30pm, Fri-Sat: 9:30am-10:00pm",ACT,N,NULL,
10,368,Samoset Street,Standish Plaza,Plymouth,MA,02360,41.955,-70.68467,508-747-3586,"Sun: 900am-8:00pm, Mon-Thu: 9:30am-9:30pm, Fri-Sat: 9:00am-10:00pm",ACT,N,NULL,
10,369,1125 Woodruff Rd Ste 800,Greenridge Shopping Center,Greenville,SC,29607,34.83064114,-82.29823603,864-329-0474,"Sun: 11:00am-8:00pm, Mon-Thu: 9:30am-9:30pm, Fri-Sat: 9:30am-10:00pm",HOM$ACT,N,"Thursday, November 03, 2005",
10,370,3256 Silas Creek Pkwy.,Silas Creek Crossing,Winston-Salem,NC,27103,36.07,-80.29833,336-659-0136,"Sun: 11:00am-8:00pm, Mon-Thu: 9:30am-9:30pm, Fri-Sat: 9:30am-10:00pm",LAY$ACT,N,NULL,
10,371,240 E Brannon Rd,Brannon Crossing,Nicholasville,KY,40356,37.95417,-84.5376,859-971-6500,"Sun: 11:00am-8:00pm, Mon-Thu: 9:30am-9:30pm, Fri-Sat: 9:30am-10:00pm",,N,"Thursday, March 21, 2013",
10,372,14093 SW St.,Kendall Lakes Plaza,Miami - Sw 88th St.,FL,33186,25.68548,-80.41727,305-385-7600,"Sun: 11:00am-8:00pm, Mon-Thu: 9:30am-9:30pm, Fri-Sat: 9:30am-10:00pm",,N,NULL,
10,373,3303 South Glenstone Avenue,Primrose Marketplace,Springfield,MO,65804,37.15308,-93.25929,417-877-0376,"Sun: 11:00am-8:00pm, Mon-Thu: 9:30am-9:30pm, Fri-Sat: 9:30am-10:00pm",ACT,N,NULL,
10,374,256 East Sunrise Hwy.,Meadow Brook Commons,Freeport,NY,11520,40.656701,-73.572343,516-623-3687,"Sun: 10:00am-8:00pm, Mon-Thu: 9:30am-9:30pm, Fri-Sat: 9:30am-10:00pm",LAY$ACT,N,NULL,
10,375,44500 Valley Central Parkway,Powers Center,Lancaster,CA,93536,34.68833,-118.16833,661-945-8180,"Sun: 10:00am-8:00pm, Mon-Thu: 9:30am-9:30pm, Fri-Sat: 9:30am-10:00pm",LAY$ACT,N,NULL,
10,376,341 Montrose Ave.,Laurel Shopping Center,Laurel,MD,20707,39.09167,-76.85833,301-498-8948,"Sun: 11:00am-8:00pm, Mon-Thu: 9:30am-9:30pm, Fri-Sat: 9:30am-10:00pm",LAY$ACT,N,NULL,
10,377,4215 Black Horse Pike,Hamilton Mall,Mays Landing,NJ,08330,39.45,-74.6411,609-645-8267,"Sun: 10:00am-8:00pm, Mon-Thu: 9:30am-9:30pm, Fri-Sat: 9:30am-10:00pm",ACT,N,NULL,
10,378,9028 Sepulveda Boulevard,Paseo Sepulveda Shopping Center,North Hills,CA,91343,34.23421,-118.46751,818-893-8011,"Sun: 10:00am-8:00pm, Mon-Thu: 9:30am-9:30pm, Fri-Sat: 9:30am-10:00pm",LAY$ACT,N,"Thursday, March 31, 2011",
10,379,720 Jefferson Road Suite 700,Market Square Shopping Center,Henrietta,NY,14623,43.084984,-77.626879,585-424-4130,"Sun: 11:00am-8:00pm, Mon-Thu: 9:30am-9:30pm, Fri-Sat: 9:30am-10:00pm",ACT,N,"Thursday, September 28, 2006",
10,380,573 GAR Hwy Ste 1,RK Swansea Place,Swansea,MA,02777,41.74888,-71.20804,508-730-2533,"Sun: 10:00am-8:00pm, Mon-Thu: 9:30am-9:30pm, Fri-Sat:9:30am-10:00pm",LAY$ACT,N,"Thursday, July 21, 2011",
10,381,2429 West Kettlemen Lane,Sunwest Marketplace,Lodi,CA,95242,38.11782,-121.30832,209-365-0992,"Sun: 11:00am-8:00pm, Mon-Thu: 9:30am-9:30pm, Fri-Sat: 9:30am-10:00pm",,N,NULL,
10,382,"3165 Alpine Avenue NE, Ste E",Alpine Summit,Grand Rapids,MI,49544,43.020412,-85.689179,616-647-2980,"Sun: 11:00am-8:00pm, Mon-Thu: 9:30am-9:30pm, Fri-Sat: 9:30am-10:00pm",ACT$LAY,N,NULL,
10,383,"282 New Britain Ave., Unit #18",Connecticut Commons,Plainville,CT,06062,41.673963,-72.841854,860-747-5222,"Sun: 11:00am-8:00pm, Mon-Thu: 9:30am-9:30pm, Fri-Sat: 9:30am-10:00pm",ACT,N,"Thursday, April 17, 2008",
10,384,6441 Triangle Plantation Dr,Plantation Point,Raleigh,NC,27616,35.87364635,-78.58166456,919-872-1088,"Sun: 11:00am-8:00pm, Mon-Thu: 9:30am-9:30pm, Fri-Sat: 9:30am-10:00pm",LAY,N,"Thursday, September 20, 2007",
10,385,At The Corner Of Ridge & Butler Pikes,Plymouth Square,Conshohocken (Plymouth Mtg),PA,19428,40.0942,-75.28717,610-828-7081,"Sun: 11:00am-8:00pm, Mon-Thu: 9:30am-9:30pm, Fri-Sat: 9:30am-10:00pm",ACT,N,NULL,
10,386,6101 Gateway Blvd.,Bassett Center,El Paso,TX,79925,31.78266,-106.40714,915-772-0624,"Sun: 11:00am-8:00pm, Mon-Thu: 9:30am-9:30pm, Fri-Sat: 9:30am-10:00pm",LAY,N,NULL,
10,387,9779 Jefferson Davis Highway,Cosner's Corner,Fredericksburg,VA,22408,38.22775,-77.507483,540-710-0165,"Sun: 11:00am-8:00pm, Mon-Thu: 9:30am-9:30pm, Fri-Sat: 9:30am-10:00pm",ACT,N,"Thursday, October 05, 2006",
10,388,3802B South Dale Mabry Highway,Britton Plaza,Tampa,FL,33611,27.908,-82.50593,813-837-8060,"Sun: 10:00am-8:00pm, Mon-Thu: 9:30am-9:30pm, Fri-Sat: 9:30am-10:00pm",,N,NULL,
10,389,91 Wagner Road,Stone Quarry Commons,Monaca,PA,15061,40.670178,-80.32071,724-770-9134,"Sun: 11:00am-8:00pm, Mon-Thu: 9:30am-9:30pm, Fri-Sat: 9:30am-10:00pm",,N,"Thursday, October 05, 2006",
10,390,3440 MC Henry Ave.,Marshalls Plaza,Modesto,CA,95350,37.69033,-120.9965,209-544-1160,"Sun: 11:00am-8:00pm, Mon-Thu: 9:30am-9:30pm, Fri-Sat: 9:30am-10:00pm",,N,NULL,
10,391,1801 Ximeno Ave.,Circle Center West,Long Beach,CA,90815,33.79066,-118.13708,562-597-2070,"Sun: 11:00am-8:00pm, Mon-Thu: 9:30am-9:30pm, Fri-Sat: 9:30am-10:00pm",ACT,N,NULL,
10,392,3401 N Miami Ave Ste 130,Shoppes at Midtown,Miami,FL,33127,25.810071,-80.194861,305-576-1183,"Sun: 11:00am-8:00pm, Mon-Thu: 9:30am-9:30pm, Fri-Sat: 9:30am-9:30pm",DEL$LAY,N,"Monday, January 15, 2007",
10,393,295 East Plumb Lane,Shoppers Square,Reno,NV,89502,39.50667,-119.80167,775-324-1200,"Sun: 11:00am-8:00pm, Mon-Sat: 9:30am-9:00pm",ACT,N,NULL,
10,394,2040 Hamilton Place Blvd,The Shoppe's at Hamilton Place,Chattanooga,TN,37421,35.03761,-85.15628,423-296-9901,"Sun: 11:00am-8:00pm, Mon-Thu: 9:30am-9:30pm, Fri-Sat: 9:30am-10:00pm",LAY$ACT,N,NULL,
10,395,3135 Lebanon Pike,NULL,Nashville,TN,37214,36.18218,-86.63863,615-902-9792,"Sun: 11:00am-8:00pm, Mon-Thu: 9:30am-9:30pm, Fri-Sat: 9:30am-10:00pm",LAY,N,NULL,
10,396,635 Bay Avenue,Seacourt Pavilion,Toms River,NJ,08753,39.98057,-74.17889,732-505-8772,"Sun: 10:00am-8:00pm, Mon-Thu: 9:30am-9:30pm, Fri-Sat: 9:30am-10:00pm",LAY$ACT,N,NULL,
10,397,700 Gallery Blvd Ste D&E,Scarborough Gallery,Scarborough,ME,04074,43.623413,-70.340924,207-883-0252,"Sun: 10:00am-8:00pm, Mon-Thu: 9:00am-9:30pm, Fri-Sat: 9:00am-10:00pm",HOM,Y,"Thursday, March 10, 2016",Now Open!<br>
10,398,6452 Lake Worth Drive,Plaza West,Lake Worth,FL,33467,26.62,-80.14667,561-642-7455,"Sun: 11:00am-8:00pm, Mon-Thu: 9:30am-9:30pm, Fri-Sat: 9:30am-10:00pm",LAY,N,NULL,
10,399,500 N. University Drive,Pembroke Commons,Pembroke Pines,FL,33024,26.01233,-80.25083,954-436-7401,"Sun: 11:00am-8:00pm, Mon-Thu: 9:30am-9:30pm, Fri-Sat: 9:30am-10:00pm",LAY,N,NULL,
10,400,204 Vintage Way,Vintage Oaks Shopping Center,Novato,CA,94947,38.09333,-122.555,415-892-7322,"Sun: 11:00am-8:00pm, Mon-Thu: 9:30am-9:30pm, Fri-Sat: 9:30am-10:00pm",,N,NULL,
10,402,405 Main St,Ansonia Shopping Center,Ansonia,CT,06401,41.33908,-73.07861,203-736-9201,"Sun: 11:00am-8:00pm, Mon-Thu: 9:30am-9:30pm, Fri-Sat: 9:30am-10:00pm",,N,"Thursday, May 18, 2006",
10,403,425 Barrett Parkway N.W.,Town Center Plaza,Kennesaw,GA,30144,34.0113,-84.56315,770-424-2064,"Sun: 11:00am-9:00pm, Mon-Thu: 9:30am-9:30pm, Fri-Sat: 9:30am-10:00pm",DEL$LAY$ACT,N,NULL,
10,404,13619  South Dixie Highway,Colonial Palms Shopping Center,Miami - S. Dixie Hgwy,FL,33129,25.64183,-80.33267,305-253-3962,"Sun: 11:00am-8:00pm, Mon-Thu: 9:30am-9:30pm, Fri-Sat: 9:30am-10:00pm",DEL,N,NULL,
10,405,20515 Biscayne Blvd.,Promenade Shops,Aventura,FL,33180,25.95667,-80.14833,305-937-2525,"Sun: 11:00am-8:00pm, Mon-Thu: 9:30am-9:30pm, Fri-Sat: 9:30am-10:00pm",DEL$HOM$LAY,N,NULL,
10,406,8700 Mills Dr,Town & Country Shopping Ctr.,Miami - Sw 117th Ave.,FL,33183,25.68772,-80.38615,305-279-6579,"Sun: 11:00am-8:00pm, Mon-Thu: 9:30am-9:30pm, Fri-Sat: 9:30am-10:00pm",DEL$LAY,N,NULL,
10,407,"801 S. University Drive, #200",The Fountains Shopping Center,Plantation,FL,33324,26.12167,-80.25,954-476-0505,"Sun: 11:00am-8:00pm, Mon-Thu: 9:30am-9:30pm, Fri-Sat: 9:30am-10:00pm",HOM$LAY,N,NULL,
10,408,1980 3rd St South,Pablo Plaza,Jacksonville Beach,FL,32250,30.269749,-81.389732,904-242-2484,"Sun: 10:00am-8:00pm, Mon-Thu: 9:00am-9:30pm, Fri-Sat: 9:00am-10:00pm",,N,"Thursday, August 14, 2008",
10,409,1431 Route 300,Newburgh Towne Center,Newburgh,NY,12550,41.52181,-74.07139,845-566-4750,"Sun: 11:00am-8:00pm, Mon-Thu: 9:30am-10:00pm, Fri-Sat: 9:30am-10:00pm",LAY,N,NULL,
10,410,20 Frenchtown Road,Hunts River Commons,N. Kingstown,RI,02852,41.63167,-71.46833,401-884-7850,"Sun: 10:00am-8:00pm, Mon-Thu: 9:30am-9:30pm, Fri-Sat:9:30am-10:00pm",,N,NULL,
10,412,1412 Greenbrier Pkwy,Greenbriar Crossings,Chesapeake,VA,23320,36.77594,-76.23272,757-366-0065,"Sun: 11:00am-8:00pm, Mon-Thu: 9:30am-9:30pm, Fri-Sat: 9:30am-10:00pm",,N,NULL,
10,414,8170 Mira Mesa Blvd,Mira Mesa Mall,San Diego,CA,92126,32.91343,-117.14387,858-831-9261,"Sun: 10:00am-8:00pm, Mon-Thu: 9:30am-9:30pm, Fri-Sat: 9:30am-10:00pm",ACT,N,NULL,
10,415,Corner Of Rtes. 46 And 202,Morris Hills Shopping Center,Parsippany,NJ,07054,40.8698,-74.42257,973-299-1242,"Sun: 11:00am-8:00pm, Mon-Thu: 9:30am-9:30pm, Fri-Sat: 9:30am-10:00pm",,N,NULL,
10,416,11421 Fountains Drive,The Fountains at Arbor Lakes,Maple Grove,MN,55311,45.092042,-93.42912,763-488-9960,"Sun: 11:00am-8:00pm, Mon-Thu: 9:30am-9:30pm, Fri-Sat: 9:30am-10:00pm",ACT,N,"Thursday, September 14, 2006",
10,417,440 Crossroads Blvd.,Crossroads Plaza,Cary,NC,27511,35.76188,-78.7362,919-233-0395,"Sun: 11:00am-8:00pm, Mon-Thu: 9:30am-9:30pm, Fri-Sat: 9:30am-10:00pm",ACT,N,NULL,
10,418,2481 Naglee Road,Tracy Pavillion,Tracy,CA,95304,37.75317,-121.46719,209-833-5006,"Sun: 11:00am-8:00pm, Mon-Thu: 9:30am-9:30pm, Fri-Sat: 9:30am-10:00pm",LAY,N,NULL,
10,419,7323 West Colonial Drive,Highland Lakes Center,West Orlando,FL,32818,28.55313,-81.48313,407-294-1136,"Sun: 10:00am-8:00pm, Mon-Thu: 9:30am-9:30pm, Fri-Sat: 9:30am-10:00pm",LAY,N,NULL,
10,420,730 Sand Lake Road,The Terrace at Florida Mall,Orlando,FL,32809,28.45,-81.4,407-240-9591,"Sun: 10:00am-8:00pm, Mon-Thu: 9:30am-9:30pm, Fri-Sat: 9:30am-10:00pm",ACT,N,NULL,
10,421,1835 Ventura Boulevard,The Market Place,Oxnard,CA,93030,34.22612,-119.15539,805-485-6838,"Sun: 11:00am-8:00pm, Mon-Thu: 9:30am-9:30pm, Fri-Sat: 9:30am-10:00pm",,N,NULL,
10,422,2750 Carl T. Jones Drive,Valley Bend at Jones Farm,Huntsville,AL,35802,34.67244,-86.53967,256-881-8131,"Sun: 11:00am-8:00pm, Mon-Thu: 9:30am-9:30pm, Fri-Sat: 9:30am-10:00pm",,N,NULL,
10,423,7954 Brewerton Rd,Widewaters Commons,Cicero,NY,13039,43.15548091,-76.1226368,315-699-9182,"Sun: 11:00am-8:00pm, Mon-Sat: 9:30am-9:30pm",ACT,N,"Thursday, August 07, 2008",
10,424,12641 Ocean Gateway,White Marlin Mall,Ocean City,MD,21842,38.33807,-75.11053,410-213-7905,"Sun: 9:00am-8:00pm, Mon-Thu: 9:30am-9:00pm, Fri-Sat: 9:00am-10:00pm",,N,NULL,
10,425,11031 Southern Blvd.,NULL,Royal Palm Beach,FL,33411,26.68099,-80.21937,561-790-1044,"Sun: 11:00am-8:00pm, Mon-Thu: 9:30am-9:30pm, Fri-Sat: 9:30am-10:00pm",HOM$LAY,N,"Thursday, October 26, 2006",
10,426,1425 W Bay Area Blvd.,Baybrook Square Shopping Center,Webster,TX,77598,29.536787,-95.14737,281-557-2816,"Sun: 11:00am-8:00pm, Mon-Thu: 9:30am-9:30pm, Fri-Sat: 9:30am-10:00pm",HOM,N,NULL,
10,427,655 Broadway,NULL,Saugus,MA,01906,42.47943,-71.023544,781-233-0266,"Sun: 10:00am-8:00pm, Mon-Thu: 9:30am-9:30pm, Fri-Sat: 9:00am-9:30pm",ACT,N,NULL,
10,428,7700 F.M. 1960 West,Commons Center,Houston - Willowbrook,TX,77040,29.96167,-95.54833,281-955-8381,"Sun: 11:00am-8:00pm, Mon-Thu: 9:30am-9:30pm, Fri-Sat: 9:30am-10:00pm",LAY,N,NULL,
10,429,3200 N Federal Highway,Coral Ridge Mall,Ft. Lauderdale,FL,33306,26.16667,-80.11667,954-561-5568,"Sun: 11:00am-6:00pm, Mon-Thu: 9:30am-9:30pm, Fri-Sat: 9:30am-9:30pm",ACT,N,NULL,
10,430,25 Storey Avenue,Market Basket Plaza,Newburyport,MA,01950,42.82117,-70.903,978-462-8821,"Sun: 10:00am-8:00pm, Mon-Thu: 9:00am-9:30pm, Fri-Sat: 9:00am-10:00pm",ACT,N,NULL,
10,431,1205 N.E. 163rd St.,163rd Street Mall,Miami - 163rd St.,FL,33162,25.925,-80.17667,305-354-2018,"Sun: 12:00am-6:00pm, Mon-Thu: 10:00am-9:00pm, Fri-Sat: 10:00am-9:00pm",LAY,N,NULL,
10,432,355 University Drive,University Crossing,Granger,IN,46530,41.720209,-86.1752,574-243-5460,"Sun: 11:00am-8:00pm, Mon-Thu: 9:30am-9:30pm, Fri-Sat: 9:30am-10:00pm",,N,NULL,
10,433,11239 Ventura Boulevard,Studio City Plaza,Studio City,CA,91604,34.14196,-118.37151,818-753-1301,"Sun: 11:00am-8:00pm, Mon-Thu: 9:30am-9:30pm, Fri-Sat: 9:30am-10:00pm",DEL,N,NULL,
10,435,1381 E Ridge Road,Ridge Goodman Plaza,Irondequoit (Rochester),NY,14621,43.19845,-77.58001,585-266-2810,"Sun: 11:00am-8:00pm, Mon-Thu: 9:30am-9:30pm, Fri-Sat: 9:30am-10:00pm",LAY,N,NULL,
10,436,540 Shaw Ave.,NULL,Clovis,CA,93612,36.80667,-119.7,559-298-1296,"Sun: 11:00am-8:00pm, Mon-Thu: 9:30am-9:30pm, Fri-Sat: 9:30am-10:00pm",LAY$ACT,N,NULL,
10,437,1245 Marina Boulevard,Marina Square,San Leandro,CA,94577,37.71167,-122.16667,510-483-8547,"Sun: 11:00am-8:00pm, Mon-Thu: 9:30am-9:30pm, Fri-Sat: 9:30am-10:00pm",ACT,N,NULL,
10,438,3999 Austelle Road,Brookwood Square,Cobb County,GA,30126,33.85412,-84.60287,770-948-7276,"Sun: 11:00am-9:00pm, Mon-Thu: 9:30am-9:30pm, Fri-Sat: 9:30am-10:00pm",LAY,N,NULL,
10,439,3401 Raleigh Rd Pkwy Bldg 2B,Heritage Crossing,Wilson,NC,27896,35.742905,-77.965348,252-293-1260,"Sun: 11:00am-8:00pm, Mon-Thu: 9:30am-9:30pm, Fri-Sat: 9:30am-10:00pm",LAY,N,"Thursday, September 14, 2006",
10,440,Route 202 / 31 & Reaville Ave,Flemington Circle Shopping Center,Flemington,NJ,08822,40.50455,-74.84871,908-237-4511,"Sun: 11:00am-8:00pm, Mon-Thu: 9:30am-9:30pm, Fri-Sat: 9:30am-10:00pm",ACT,N,NULL,
10,441,28 N.W. Blvd.,West Side Plaza,Nashua,NH,03063,42.80027219,-71.54128936,603-889-7123,"Sun: 10:00am-8:00pm, Mon-Thu: 9:30am-9:30pm, Fri-Sat: 9:00am-9:30pm",,N,NULL,
10,443,3 Hampton House Rd. (Rte. 206 N),Sussex County Mall,Newton,NJ,07860,41.06807,-74.74666,973-579-3177,"Sun: 10:00am-8:00pm, Mon-Thu: 9:30am-9:30pm, Fri-Sat: 9:30am-10:00pm",ACT,N,NULL,
10,444,499 Broadway,Birchwood Plaza,Jericho,NY,11753,40.79067,-73.53633,516-433-8553,"Sun: 9:00am-8:00pm, Mon-Thu: 9:00am-9:30pm, Fri-Sat: 9:00am-10:00pm",DEL$ACT,N,NULL,
10,445,32 Lyman Street,Westboro Plaza,Westborough,MA,01581,42.28446,-71.60921,508-366-6361,"Sun: 11:00am-8:00pm, Mon-Thu: 9:30am-9:30pm, Fri-Sat: 9:00am-10:00pm",ACT,N,NULL,
10,447,1413 Boston Post Road,Milford Crossing,Milford,CT,06460,41.23167,-73.04167,203-878-2382,"Sun: 11:00am-8:00pm, Mon-Thu: 9:30am-9:30pm, Fri-Sat: 9:30am-10:00pm",,N,NULL,
10,449,1989 Front St.,Pathmark Shopping Center,E. Meadow,NY,11554,40.71967,-73.56433,516-794-7911,"Sun: 10:00am-8:00pm, Mon-Thu: 9:30am-9:30pm, Fri-Sat: 9:30am-10:00pm",LAY,N,NULL,
10,451,6510 North 73rd Plaza,Sorensen Park,Omaha,NE,68122,41.319557,-96.025366,402-571-6493,"Sun: 11:00am-8:00pm, Mon-Thu: 9:30am-9:30pm, Fri-Sat: 9:30am-10:00pm",LAY,N,"Thursday, September 28, 2006",
10,452,11730 Carmel Mountain Road,Carmel Mountain Plaza,San Diego - Carmel Mtn. Rd.,CA,92128,32.98167,-117.07867,858-451-2893,"Sun: 11:00am-8:00pm, Mon-Thu: 9:30am-9:30pm, Fri-Sat: 9:30am-10:00pm",DEL,N,NULL,
10,453,1304 Hicksville Rd.,Holiday Park Shopping Center,North Massapequa,NY,11758,40.69167,-73.48,516-797-8901,"Sun: 9:00am-8:00pm, Mon-Thu: 9:00am-9:30pm, Fri-Sat: 9:00am-10:00pm",DEL$ACT,N,NULL,
10,454,323 Route 25A,Miller Place,Miller Place,NY,11764,40.94286,-72.991152,631-474-0191,"Sun: 9:00am-8:00pm, Mon-Thu: 9:00am-9:30pm, Fri-Sat: 9:00am-10:00pm",ACT,N,"Thursday, August 20, 2009",
10,455,3500 East West Hwy Space A,Prince George's Plaza,Hyattsville,MD,20782,38.96819,-76.95666,301-853-1423,"Sun: 11:00am-8:00pm, Mon-Thu: 9:30am-9:30pm, Fri-Sat: 9:30am-10:00pm",LAY,N,"Thursday, September 14, 2006",
10,456,5720 Lakewood Towne Center,Lakewood Towne Center,Lakewood,WA,98499,47.16514,-122.50706,253-584-6404,"Sun: 10:00am-8:00pm, Mon-Thu: 9:30am-9:30pm, Fri-Sat: 9:00am-10:00pm",ACT,N,NULL,
10,457,10220 N 90th St,Scottsdale Fiesta,Scottsdale,AZ,85258,33.581541,-111.88971,480-314-1536,"Sun: 11:00am-8:00pm, Mon-Thu: 9:30am-9:30pm, Fri-Sat: 9:30am-10:00pm",,N,"Thursday, May 18, 2006",
10,458,268 Harbison Blvd.,Harbison Court,Columbia,SC,29212,34.071699,-81.155862,803-732-6866,"Sun: 11:00am-8:00pm, Mon-Thu: 9:30am-9:30pm, Fri-Sat: 9:30am-10:00pm",LAY$ACT,N,NULL,
10,459,2101 Highway 35,Holmdel Town Center,Holmdel,NJ,07733,40.41218,-74.14314,732-615-9670,"Sun: 11:00am-8:00pm, Mon-Thu: 9:30am-9:30pm, Fri-Sat: 9:30am-10:00pm",HOM,N,NULL,
10,460,Rte. 134,Patriots Square Shopping Center,So. Dennis,MA,02660,41.69283,-70.15233,508-760-3722,"Sun: 900am-8:00pm, Mon-Thu: 9:30am-9:30pm, Fri-Sat: 9:00am-10:00pm",,N,NULL,
10,461,13007 Lee Jackson Memorial Highway,Greenbriar Shopping Center,Chantilly,VA,22033,38.885,-77.40667,703-222-0976,"Sun: 11:00am-8:00pm, Mon-Thu: 9:30am-9:30pm, Fri-Sat: 9:30am-10:00pm",DEL$ACT,N,NULL,
10,462,10427 Dixie Hwy , Dixie Valley Center,Louisville,KY,40272,38.10364,-85.8663,502-935-1038,"Sun: 11:00am-8:00pm, Mon-Thu: 9:30am-9:30pm, Fri-Sat: 9:30am-10:00pm",LAY,N,"Thursday, October 03, 2013",
10,463,3606 Market Place Blvd.,Camp Creek Marketplace,East Point,GA,30344,33.65662,-84.49902,404-344-6703,"Sun: 11:00am-9:00pm, Mon-Thu: 9:30am-9:30pm, Fri-Sat: 9:30am-10:00pm",LAY,N,NULL,
10,464,1321 Bruce B. Downs Road,Northwoods Shopping Center,Tampa,FL,33543,28.17159,-82.35525,813-994-7330,"Sun: 10:00am-8:00pm, Mon-Thu: 9:30am-9:30pm, Fri-Sat: 9:30am-10:00pm",,N,NULL,
10,465,2948 Little Road,Mitchell Ranch Mall,New Port Richey,FL,34655,28.205,-82.66716,727-375-9325,"Sun: 11:00am-8:00pm, Mon-Thu: 9:30am-9:30pm, Fri-Sat: 9:30am-10:00pm",,N,NULL,
10,466,Rte. 10 And Mary Louise Ave.,Ledgewood Mall,Ledgewood,NJ,07852,40.87452,-74.65141,973-584-7015,"Sun: 11:00am-8:00pm, Mon-Thu: 9:30am-9:30pm, Fri-Sat: 9:30am-10:00pm",ACT,N,NULL,
10,467,William Penn Hgwy. (Rte. 22),The Miracle Mile Plaza,Monroeville,PA,15146,40.4375,-79.7657,412-372-7410,"Sun: 11:00am-8:00pm, Mon-Thu: 9:30am-9:30pm, Fri-Sat: 9:30am-10:00pm",DEL$ACT,N,NULL,
10,468,1250 S. Washington St.,Fashion Crossing Shopping Ctr.,N. Attleboro,MA,02760,41.95167,-71.34667,508-643-1020,"Sun: 11:00am-8:00pm, Mon-Thu: 9:30am-9:30pm, Fri-Sat: 9:30am-10:00pm",ACT,N,NULL,
10,469,15022 Summit Ave.,Summit Heights Gateway,Fontana,CA,92336,34.15093,-117.47686,909-899-4216,"Sun: 11:00am-8:00pm, Mon-Thu: 9:30am-9:30pm, Fri-Sat: 9:30am-10:00pm",LAY,N,NULL,
10,470,"629 North Hwy. 90, Suite #10",Plaza Vista,Sierra Vista,AZ,85635,31.5551,-110.25579,520-439-4838,"Sun: 11:00am-8:00pm, Mon-Thu: 9:30am-9:30pm, Fri-Sat: 9:30am-10:00pm",ACT,N,NULL,
10,471,150 West Foothill Blvd.,Uptown & Country Village,Upland,CA,91786,34.10732,-117.65189,909-981-3780,"Sun: 10:00am-8:00pm, Mon-Thu: 9:30am-9:30pm, Fri-Sat: 9:30am-10:00pm",LAY$ACT,N,NULL,
10,472,489 Pittsfield Road,The Center at Lenox,Lenox,MA,01240,42.4066,-73.2652,413-442-1044,"Sun: 11:00am-8:00pm, Mon-Thu: 9:30am-10:00pm, Fri-Sat: 9:30am-10:00pm",ACT,N,NULL,
10,473,8180 W. Glades Road,Lakeside Plaza,Boca Raton,FL,33496,26.3669,-80.17253,561-852-7378,"Sun: 11:00am-8:00pm, Mon-Thu: 9:30am-9:30pm, Fri-Sat: 9:30am-10:00pm",,N,NULL,
10,474,564 W. Huntington Dr.,NULL,Monrovia,CA,91016,34.14016,-118.0107,626-303-7647,"Sun: 10:00am-8:00pm, Mon-Thu: 9:30am-9:30pm, Fri-Sat: 9:30am-10:00pm",DEL$ACT,N,NULL,
10,475,400 Lowell Avenue,Westgate Plaza,Haverhill,MA,01832,42.773819,-71.116928,978-372-3899,"Sun: 11:00am-8:00pm, Mon-Thu: 9:30am-9:30pm, Fri-Sat: 9:00am-10:00pm",,N,NULL,
10,476,6710 Peach Street,Erie Market Place,Erie,PA,16509,42.05666,-80.09075,814-864-6034,"Sun: 11:00am-8:00pm, Mon-Thu: 9:30am-9:30pm, Fri-Sat: 9:30am-10:00pm",ACT,N,NULL,
10,477,1081 Vann Drive,The Columns,Jackson,TN,38305,35.6676,-88.85769,731-664-1508,"Sun: 11:00am-8:00pm, Mon-Thu: 9:30am-9:30pm, Fri-Sat: 9:30am-10:00pm",LAY$ACT,N,NULL,
10,478,834a Walt Whitman Road (Rte. 110),Melville Mall,Melville,NY,11747,40.8,-73.41133,631-271-3150,"Sun: 9:00am-8:00pm, Mon-Thu: 9:00am-9:30pm, Fri-Sat: 9:00am-10:00pm",DEL,N,NULL,
10,479,1004 Us Highway 9,Gateway Mall,Parlin,NJ,08859,40.45397,-74.29906,732-727-6640,"Sun: 11:00am-8:00pm, Mon-Thu: 9:30am-9:30pm, Fri-Sat: 9:30am-10:00pm",LAY,N,NULL,
10,480,721 Central Expressway At Plano Pkwy.,Collin Creek Village VI,Plano,TX,75075,33.005,-96.71333,972-423-0382,"Sun: 11:00am-8:00pm, Mon-Thu: 9:30am-9:30pm, Fri-Sat: 9:30am-10:00pm",LAY,N,NULL,
10,481,4209 Genesee Ave.,Genessee Plaza,San Diego - Genesee Ave.,CA,92117,32.81833,-117.18,858-467-9330,"Sun: 11:00am-8:00pm, Mon-Thu: 9:30am-9:30pm, Fri-Sat: 9:30am-10:00pm",DEL,N,NULL,
10,482,1356 Franklin Mills Circle,Franklin Mills,Philadelphia,PA,19154,40.08667,-74.97333,215-281-3757,"Sun: 11:00am-8:00pm, Mon-Sat: 9:30am-9:30pm",HOM,N,NULL,
10,484,8661 Colesville Road,City Place Mall,Silver Spring,MD,20910,38.995,-77.02833,301-495-9566,"Sun: 11:00am-8:00pm, Mon-Thu: 9:30am-9:30pm, Fri-Sat: 9:30am-10:00pm",LAY,N,NULL,
10,485,7975A Greenback Lane,Sunrise Festival,Citrus Heights,CA,95610,38.67967,-121.2685,916-723-3974,"Sun: 11:00am-8:00pm, Mon-Thu: 9:30am-9:30pm, Fri-Sat: 9:30am-10:00pm",,N,NULL,
10,486,12801 W. Sunrise Boulevard,Sawgrass Mills,Sunrise,FL,33323,26.14709,-80.32263,954-846-0881,"Sun: 10:00am-8:00pm, Mon-Thu: 9:30am-9:30pm, Fri-Sat: 9:30am-10:00pm",ACT,N,NULL,
10,487,2700 Potomac Mills Circle,Potomac Mills,Woodbridge,VA,22192,38.6462,-77.2942,703-491-7050,"Sun: 11:00am-8:00pm, Mon-Thu: 10:00am-9:30pm, Fri-Sat: 10:00am-10:00pm",HOM$LAY,N,NULL,
10,488,"467 87th Lane, N.E. ",Rainbow Village,Blaine,MN,55434,45.135,-93.265,763-783-9294,"Sun: 11:00am-8:00pm, Mon-Thu: 9:30am-9:30pm, Fri-Sat: 9:30am-10:00pm",,N,NULL,
10,489,333 N. Main,Bishops Corner,W. Hartford,CT,06117,41.78667,-72.74667,860-236-7001,"Sun: 11:00am-8:00pm, Mon-Thu: 9:30am-9:30pm, Fri-Sat: 9:30am-10:00pm",LAY,N,NULL,
10,491,490 N. Thompson Lane,The Oaks Shopping Center,Murfreesboro,TN,37129,35.85267,-86.42665,615-848-1376,"Sun: 11:00am-8:00pm, Mon-Thu: 9:30am-9:30pm, Fri-Sat: 9:30am-10:00pm",,N,NULL,
10,492,1268 El Camino Real,San Bruno Town Center,San Bruno,CA,94066,37.63667,-122.42,650-873-9243,"Sun: 11:00am-8:00pm, Mon-Thu: 9:30am-9:30pm, Fri-Sat: 9:30am-10:00pm",,N,NULL,
10,494,5090 Jonestown Rd.,Colonial Commons,Harrisburg,PA,17112,40.31125,-76.80276,717-545-5795,"Sun: 11:00am-8:00pm, Mon-Thu: 9:30am-9:30pm, Fri-Sat: 9:30am-10:00pm",ACT,N,NULL,
10,495,810 Playa Avenue,Sand Dollar Shopping Center,Sand City,CA,93955,36.61873,-121.84155,831-899-5142,"Sun: 11:00am-8:00pm, Mon-Thu: 9:30am-9:30pm, Fri-Sat: 9:30am-10:00pm",,N,NULL,
10,496,10759 San Pablo Ave.,NULL,El Cerrito,CA,94530,37.91307,-122.3098,510-527-5668,"Sun: 11:00am-8:00pm, Mon-Thu: 9:30am-9:30pm, Fri-Sat: 9:30am-10:00pm",LAY,N,NULL,
10,497,9210 Rockaway Blvd,NULL,Ozone Park,NY,11416,40.68063,-73.846634,718-845-6870,"Sun: 11:00am-8:00pm, Mon-Thu: 9:30am-9:30pm, Fri-Sat: 9:30am-10:00pm",LAY,N,"Thursday, September 28, 2006",
10,501,540 S. Trooper Road,Valley Forge Marketplace,Norristown,PA,19403,40.129766,-75.398259,610-631-7805,"Sun: 11:00am-8:00pm, Mon-Thu: 9:30am-9:30pm, Fri-Sat: 9:30am-10:00pm",,N,"Thursday, March 11, 2010",
10,502,161 S Las Posas,NULL,San Marcos,CA,92078,33.142016,-117.191963,760-510-8169,"Sun: 10:00am-8:00pm, Mon-Thu: 9:30am-9:30pm, Fri-Sat: 9:30am-10:00pm",DEL$ACT,N,"Thursday, February 22, 2007",
10,503,940 Largo Center Drive,Largo Town Center,Landover,MD,20785,38.89864,-76.83692,301-499-5301,"Sun: 11:00am-8:00pm, Mon-Thu: 9:30am-9:30pm, Fri-Sat: 9:30am-10:00pm",LAY$ACT,N,NULL,
10,504,1674 N. Main Street,Harden Ranch Plaza,Salinas,CA,93906,36.71667,-121.65167,831-442-3041,"Sun: 11:00am-8:00pm, Mon-Thu: 9:30am-9:30pm, Fri-Sat: 9:30am-10:00pm",ACT$LAY,N,NULL,
10,505,3495 Us Rte. 1 (Emmons Drive),Shops of Windsor Green,Princeton (West Windsor),NJ,08540,40.309,-74.66983,609-520-8664,"Sun: 11:00am-8:00pm, Mon-Thu: 9:30am-9:30pm, Fri-Sat: 9:30am-10:00pm",,N,NULL,
10,506,1120 Lake Woodlands Drive,Pinecroft Centre,The Woodlands,TX,77380,30.16702,-95.45251,281-364-0780,"Sun: 11:00am-8:00pm, Mon-Thu: 9:30am-9:30pm, Fri-Sat: 9:30am-10:00pm",HOM$LAY,N,NULL,
10,507,"2600 SW Barton Street, Suite A2",Westwood Towne Center,Seattle,WA,98126,47.52145,-122.36533,206-933-3055,"Sun: 11:00am-8:00pm, Mon-Sat: 9:30am-9:30pm",ACT,N,NULL,
10,508,200 Petersville Road,Palmer Square Shopping Center,New Rochelle,NY,10801,40.91842,-73.777911,914-235-9821,"Sun: 11:00am-8:00pm, Mon-Thu: 9:30am-9:30pm, Fri-Sat: 9:30am-10:00pm",HOM$LAY$ACT,N,"Thursday, September 21, 2006",
10,509,4477 Commons Drive West,Plantation Plaza,Destin,FL,32541,30.39052,-86.447,850-650-6782,"Sun: 10:00am-8:00pm, Mon-Thu: 9:00am-9:30pm, Fri-Sat: 9:00am-10:00pm",ACT,N,"Thursday, March 01, 2007",
10,510,10515 N Mopac Expressway,The Shops at Arborwalk,Austin,TX,78759,30.393072,-97.730988,512-338-9925,"Sun: 11:00am-8:00pm, Mon-Thu: 9:30am-9:30pm, Fri-Sat: 9:30am-10:00pm",,N,"Thursday, October 26, 2006",
10,511,4648 Millenia Plaza Way,Millenia Plaza II,Orlando,FL,32839,28.49301,-81.43044,407-248-1915,"Sun: 10:00am-8:00pm, Mon-Thu: 9:30am-9:30pm, Fri-Sat: 9:30am-10:00pm",,N,NULL,
10,512,"7600 North 10th Street, Bldg. 700",NULL,McAllen,TX,78504,26.272006,-98.212785,956-994-9789,"Sun: 11:00am-8:00pm, Mon-Thu: 9:30am-9:30pm, Fri-Sat: 9:30am-10:00pm",LAY$ACT,N,NULL,
10,513,5370 Highway 78,Stone Mountain Square,Stone Mountain,GA,30087,33.82167,-84.11667,770-413-0945,"Sun: 11:00am-9:00pm, Mon-Thu: 9:30am-9:30pm, Fri-Sat: 9:30am-10:00pm",LAY,N,NULL,
10,514,2200 State Route 66,Neptune Shopping Center,Neptune,NJ,07753,40.22573,-74.03735,732-776-5120,"Sun: 10:00am-8:00pm, Mon-Thu: 9:30am-9:30pm, Fri-Sat: 9:30am-10:00pm",ACT$HOM,N,NULL,
10,515,4472 Camino de la Plaza,San Ysidro Village,San Ysidro,CA,92173,32.5443,-117.03159,619-428-4121,"Sun: 10:00am-8:00pm, Mon-Thu: 9:30am-9:30pm, Fri-Sat: 9:30am-10:00pm",LAY,N,NULL,
10,516,6128 Grand Ave.,Gurnee Mills,Gurnee,IL,60031,42.38643,-87.95513,847-855-1001,"Sun: 11:00am-8:00pm, Mon-Thu: 9:00am-9:00pm, Fri:  9:00-9:30 Sat: 9:00am-10:00pm",ACT$HOM,N,NULL,
10,518,1834 West Fullerton Avenue,River Point Center,Chicago - 1834 W. Fullerton,IL,60614,41.925,-87.67167,773-296-4494,"Sun: 10:00am-8:00pm, Mon-Thu: 9:30am-9:30pm, Fri-Sat: 9:30am-10:00pm",DEL$LAY,N,NULL,
10,519,7601 So. Cicero Avenue,Ford City Mall,Chicago,IL,60652,41.755,-87.74167,773-284-8711,"Sun: 11:00am-8:00pm, Mon-Thu: 9:30am-9:30pm, Fri-Sat: 9:30am-10:00pm",ACT$DEL$LAY,N,NULL,
10,520,31145 Orchard Lake Road,Hunters Square Plaza,Farmington Hills,MI,48334,42.52739,-83.36021,248-851-7222,"Sun: 11:00am-8:00pm, Mon-Thu: 9:30am-9:30pm, Fri-Sat: 9:30am-10:00pm",HOM$LAY$ACT,N,NULL,
10,521,On East Broadway,Mall of America,Bloomington - Moa,MN,55425,44.85267,-93.24617,952-851-0750,"Sun: 11:00am-7:00pm, Mon-Fri: 10:00am-9:30pm, Sat: 9:30am-9:30pm",ACT,N,NULL,
10,522,23726 Commercial Dr,Brazos Town Center,Rosenberg,TX,77471,29.547315,-95.752706,281-239-6227,"Sun: 11:00am-8:00pm, Mon-Thu: 9:30am-9:30pm, Fri-Sat: 9:30am-10:00pm",LAY$ACT,N,"Thursday, October 26, 2006",
10,523,6370 Bayfield Pkwy,Afton Ridge,Concord,NC,28027,35.418851,-80.677482,704-788-1810,"Sun: 11:00am-8:00pm, Mon-Thu: 9:30am-9:30pm, Fri-Sat: 9:30am-10:00pm",,N,"Thursday, October 26, 2006",
10,524,545 Rte. 46 West at Riverview Drive,Bradlees Shopping Center,Totowa,NJ,07512,40.88961,-74.23429,973-785-4606,"Sun: 10:00am-8:00pm, Mon-Thu: 9:30am-9:30pm, Fri-Sat: 9:30am-10:00pm",LAY,N,NULL,
10,528,440 Balltown Road,Mohawk Mall,Schenectady,NY,12304,42.77467,-73.89133,518-344-5463,"Sun: 11:00am-8:00pm, Mon-Thu: 9:30am-10:00pm, Fri-Sat: 9:30am-10:00pm",LAY,N,NULL,
10,529,1875 SO. Bascom Ave.,The Pruneyard,Campbell,CA,95124,37.28867,-121.93217,408-369-7388,"Sun: 11:00am-8:00pm, Mon-Thu: 9:30am-9:30pm, Fri-Sat: 9:30am-10:00pm",,N,NULL,
10,530,9031 Snowden River Parkway,Snowden Square,Columbia,MD,21046,39.18229,-76.82189,410-312-4809,"Sun: 11:00am-8:00pm, Mon-Thu: 9:30am-9:30pm, Fri-Sat: 9:30am-10:00pm",DEL$LAY,N,NULL,
10,531,1220 75th Street,The Grove Shopping Plaza,Downers Grove,IL,60516,41.7515,-88.01433,630-769-9440,"Sun: 11:00am-8:00pm, Mon-Thu: 9:30am-9:30pm, Fri-Sat: 9:30am-10:00pm",LAY,N,NULL,
10,532,3140 Fostoria  Way,Castle Square,Danville,CA,94526,37.7805,-121.9705,925-355-0223,"Sun: 10:00am-8:00pm, Mon-Thu: 9:30am-9:30pm, Fri-Sat: 9:30am-10:00pm",,N,NULL,
10,533,1265 Lloyd Center,Lloyd Center,Portland (Lloyd Ctr),OR,97232,45.53333,-122.65,503-287-6441,"Sun: 10:00am-8:00pm, Mon-Thu: 9:30am-9:30pm, Fri-Sat: 9:00am-10:00pm",ACT,N,NULL,
10,535,7601 San Dario Avenue,North Creek Plaza,Laredo,TX,78041,27.5677,-99.5013,956-717-2159,"Sun: 11:00am-8:00pm, Mon-Thu: 9:30am-9:30pm, Fri-Sat: 9:30am-10:00pm",LAY,N,NULL,
10,536,9876-B Rea Rd,Blakeney,Charlotte,NC,28277,35.037975,-80.807561,704-544-3415,"Sun: 11:00am-8:00pm, Mon-Thu: 9:30am-9:30pm, Fri-Sat: 9:30am-10:00pm",HOM$ACT,N,"Thursday, August 23, 2007",
10,538,4220 West 78th,Southdale 494C,Bloomington,MN,55435,44.860229,-93.332268,952-806-9772,"Sun: 11:00am-8:00pm, Mon-Thu: 9:30am-9:30pm, Fri-Sat: 9:30am-10:00pm",ACT,N,"Thursday, October 24, 2013",
10,539,1021 Independence Blvd,Haygood Shopping Center,Virginia Beach,VA,23462,36.87299503,-76.13564014,757-464-0542,"Sun: 11:00am-8:00pm, Mon-Thu: 9:30am-9:30pm, Fri-Sat: 9:30am-10:00pm",ACT,N,"Thursday, February 22, 2007",
10,541,3701 Oakwood Boulevard,Oakwood Plaza,Hollywood,FL,33021,26.04271,-80.16177,954-922-2122,"Sun: 11:00am-8:00pm, Mon-Thu: 9:30am-9:30pm, Fri-Sat: 9:30am-10:00pm",LAY,N,NULL,
10,542,2000 S Swanson St,Snyder Plaza,South Philadelphia,PA,19148,39.922546,-75.147032,215-339-5360,"Sun: 10:00am-8:00pm, Mon-Thu: 9:30am-9:30pm, Fri-Sat: 9:30am-10:00pm",LAY$ACT,N,"Thursday, November 16, 2006",
10,544,1488 Golf Road,Village Green Mall,Schaumburg,IL,60173,42.05283,-88.042,847-240-0295,"Sun: 10:00am-8:00pm, Mon-Thu: 9:00am-9:30pm, Fri-Sat: 9:00am-10:00pm",ACT,N,NULL,
10,546,8657 Villa la Jolla,La Jolla Village Square,La Jolla,CA,92037,32.86489,-117.23306,858-587-3985,"Sun: 10:00am-8:00pm, Mon-Thu: 9:30am-9:30pm, Fri-Sat: 9:30am-10:00pm",DEL$ACT,N,NULL,
10,547,161 Nut Tree Parkway,Power Plaza,Vacaville,CA,95687,38.36622,-121.96081,707-455-7674,"Sun: 11:00am-8:00pm, Mon-Thu: 9:30am-9:30pm, Fri-Sat: 9:30am-10:00pm",,N,NULL,
10,548,46262 Cranston Street,Cascades Market Plaza,Sterling,VA,20165,39.03452,-77.40101,703-421-0725,"Sun: 11:00am-8:00pm, Mon-Thu: 9:30am-9:30pm, Fri-Sat: 9:30am-10:00pm",DEL,N,NULL,
10,549,1966 Santa Rosa Avenue,Santa Rosa Marketplace,Santa Rosa,CA,95404,38.4183,-122.7067,707-571-8116,"Sun: 11:00am-8:00pm, Mon-Thu: 9:30am-9:30pm, Fri-Sat: 9:30am-10:00pm",ACT,N,NULL,
10,550,500 Boylston Street,NULL,Boston,MA,02116,42.3505,-71.07667,617-262-6066,"Sun: 10:00am-8:00pm, Mon-Thu: 9:00am-9:00pm, Fri-Sat: 9:00am-9:30pm",DEL,N,NULL,
10,551,1360 Great Mall Drive,The Great Mall,Milpitas,CA,95035,37.418,-121.90167,408-934-1821,"Sun: 11:00am-8:00pm, Mon-Thu: 10:00am-9:00pm, Fri-Sat: 10:00am-9:00pm",,N,NULL,
10,552,4137 Concord Pike,Concord Sq. Shopping Center,Wilmington,DE,19803,39.809,-75.5484,302-478-3921,"Sun: 11:00am-8:00pm, Mon-Thu: 9:30am-9:30pm, Fri-Sat: 9:30am-10:00pm",,N,NULL,
10,555,10603 S Carmenita Rd,NULL,Santa Fe Springs,CA,90670,33.93909,-118.046984,562-944-3415,"Sun: 11:00am-8:00pm, Mon-Thu: 9:30am-9:30pm, Fri-Sat: 9:30am-10:00pm",,N,"Thursday, November 16, 2006",
10,556,5830 Crossroads Center Blvd.,Crossroads Center,Baileys Crossroads,VA,22041,38.85358,-77.12971,703-820-4424,"Sun: 11:00am-8:00pm, Mon-Thu: 9:30am-9:30pm, Fri-Sat: 9:30am-10:00pm",DEL,N,NULL,
10,557,2821 W Expressway 83 Frontage Road,Harlingen Corners,Harlingen,TX,78550,26.186585,-97.721994,956-423-3276,"Sun: 11:00am-8:00pm, Mon-Thu: 9:30am-9:30pm, Fri-Sat: 9:30am-10:00pm",ACT,N,"Thursday, February 26, 2009",
10,558,3525 West Carson Street,Del Amo Mall,Torrance (Delamo),CA,90503,33.83632,-118.3509,310-793-9801,"Sun: 11:00am-8:00pm, Mon-Thu: 9:30am-9:30pm, Fri-Sat: 9:30am-10:00pm",ACT$DEL,N,NULL,
10,559,601 East Palatine Road,Town & Country Mall,Arlington Heights,IL,60004,42.10833,-87.975,847-577-9177,"Sun: 10:00am-8:00pm, Mon-Thu: 9:30am-9:30pm, Fri-Sat: 9:30am-10:00pm",ACT,N,NULL,
10,560,9000 San Jacinto Mall,San Jacinto Mall,Baytown,TX,77521,29.805,-94.98,281-421-2732,"Sun: 11:00am-7:00pm, Mon-Sat: 9:30am-9:30pm",LAY,N,NULL,
10,561,1745 South Easton Road,Barn Plaza Shopping Center,Doylestown,PA,18901,40.27514,-75.12791,215-491-9280,"Sun: 10:00am-8:00pm, Mon-Thu: 9:00am-9:30pm, Fri-Sat: 9:00am-10:00pm",HOM,N,NULL,
10,562,1200 Park Manor Blvd.,Robinson Town Center,Pittsburgh (Robinson Twnshp),PA,15205,40.44928,-80.16596,412-788-8586,"Sun: 11:00am-8:00pm, Mon-Thu: 9:30am-9:30pm, Fri-Sat: 9:30am-10:00pm",ACT$DEL,N,NULL,
10,563,1131 Hammond Drive,Perimeter Expo ,Atlanta,GA,30328,33.92,-84.34016,770-396-8623,"Sun: 11:00am-9:00pm, Mon-Thu: 9:30am-9:30pm, Fri-Sat: 9:30am-10:00pm",DEL$LAY,N,NULL,
10,564,250 Zan Road (Us Rte 29),Seminole Court,Charlottesville,VA,22901,38.06667,-78.48383,434-974-9375,"Sun: 11:00am-8:00pm, Mon-Thu: 9:30am-9:30pm, Fri-Sat: 9:30am-10:00pm",,N,NULL,
10,565,22 Clifton Country Rd.,Clifton Park Center ,Clifton Park,NY,12065,42.86147,-73.77817,518-371-5227,"Sun: 11:00am-8:00pm, Mon-Thu: 9:30am-10:00pm, Fri-Sat: 9:30am-10:00pm",ACT$HOM,N,NULL,
10,566,8D Allstate Road,South Bay Center,Dorchester,MA,02125,42.3265,-71.0605,617-442-5050,"Sun: 10:00am-8:00pm, Mon-Thu: 9:00am-9:30pm, Fri-Sat: 9:00am-10:00pm",LAY,N,NULL,
10,567,168-23 Jamaica Ave,NULL,Jamaica,NY,11432,40.706726,-73.791923,718-725-0409,"Sun: 10:00am-8:00pm, Mon-Thu: 8:30am-9:30pm, Fri-Sat: 8:30am-10:00pm",LAY$ACT,N,"Thursday, May 17, 2007",
10,569,2235 Summer Street,Ridgeway Shopping Center,Stamford,CT,06905,41.0665,-73.54517,203-356-9667,"Sun: 10:00a -8:00pm, Mon-Thu: 9:00am-9:30pm, Fri-Sat: 9:00am-10:00pm",ACT,N,NULL,
10,570,795 Roosevelt Trail,Windham Mall,North Windham,ME,04062,43.838798,-70.442117,207-892-6418,"Sun: 10:00am-8:00pm, Mon-Thu: 9:00am-9:30pm, Fri-Sat: 9:00am-10:00pm",ACT,N,"Thursday, March 08, 2007",
10,571,15918 Crain Hwy,Brandywine Crossing ,Brandywine,MD,20613,38.67336,-76.873177,301-782-9012,"Sun: 11:00am-8:00pm, Mon-Thu: 9:30am-9:30pm, Fri-Sat: 9:30am-10:00pm",DEL,N,"Thursday, March 12, 2009",
10,574,1201 Barbara Jordan St,Mueller Regional,Austin (Mueller),TX,78753,30.306378,-97.710511,512-476-4278,"Sun: 11:00am-8:00pm, Mon-Thu: 9:30am-9:30pm, Fri-Sat: 9:30am-10:00pm",LAY$ACT,N,"Thursday, April 05, 2007",
10,576,6320 N. Point Parkway,North Point Market Center,Alpharetta,GA,30022,34.051,-84.28933,770-667-3495,"Sun: 11:00am-9:00pm, Mon-Thu: 9:30am-9:30pm, Fri-Sat: 9:30am-10:00pm",DEL$LAY$ACT,N,NULL,
10,577,300 Broadview Village Sqaure,Broadview Shopping Center,Broadview,IL,60153,41.84981,-87.85278,708-343-9931,"Sun: 11:00am-8:00pm, Mon-Thu: 9:30am-9:30pm, Fri-Sat: 9:30am-10:00pm",LAY,N,NULL,
10,578,1031 South Sutton,Sutton Park Shopping Center ,Streamwood,IL,60107,42.018,-88.20301,630-372-8165,"Sun: 11:00am-8:00pm, Mon-Thu: 9:30am-9:30pm, Fri-Sat: 9:30am-10:00pm",,N,NULL,
10,582,801 D Sunland Park Drive,Sundland Park Plaza,El Paso,TX,79912,31.81833,-106.5465,915-587-4035,"Sun: 11:00am-8:00pm, Mon-Thu: 9:30am-9:30pm, Fri-Sat: 9:30am-10:00pm",LAY,N,NULL,
10,583,5760 Hollister St,Northwest Crossing Center,Houston,TX,77040,29.85,-95.504,713-895-8800,"Sun: 11:00am-8:00pm, Mon-Thu: 9:30am-9:30pm, Fri-Sat: 9:30am-10:00pm",LAY$ACT,N,NULL,
10,585,12520 Westheimer St,Center America,Houston ,TX,77077,29.73621,-95.60555,281-597-9665,"Sun: 11:00am-8:00pm, Mon-Thu: 9:30am-9:30pm, Fri-Sat: 9:30am-10:00pm",LAY,N,NULL,
10,586,1905 Scenic Highway,Presidential Plaza,Snellville,GA,30078,33.87385,-84.01484,770-736-9955,"Sun: 11:00am-9:00pm, Mon-Thu: 9:30am-9:30pm, Fri-Sat: 9:30am-10:00pm",LAY,N,NULL,
10,587,550 Meyerland Plaza,NULL,Houston,TX,77096,29.68811,-95.45976,713-661-2838,"Sun: 11:00am-8:00pm, Mon-Thu: 9:30am-9:30pm, Fri-Sat: 9:30am-10:00pm",LAY,N,NULL,
10,589,8150 Ikea Blvd Ste 1,Belgate,Charlotte,NC,28262,35.29489,-80.763,704-494-8723,"Sun: 11:00am-8:00pm, Mon-Thu: 9:30am-9:30pm, Fri-Sat: 9:30am-10:00pm",,N,"Thursday, May 16, 2013",
10,590,5604 South Broadway,Broadway Crossing,Tyler,TX,75703,32.29,-95.30383,903-509-4130,"Sun: 11:00am-8:00pm, Mon-Thu: 9:30am-9:30pm, Fri-Sat: 9:30am-10:00pm",LAY,N,NULL,
10,592,9125 Poplar Ave,Village Shops of Germantown,Germantown,TN,38138,35.06983,-89.76983,901-754-0751,"Sun: 11:00am-8:00pm, Mon-Thu: 9:30am-9:30pm, Fri-Sat: 9:30am-10:00pm",LAY,N,NULL,
10,593,1142 Temple Avenue,Southpark Crossing Shop. Ctr.,Colonial Heights,VA,23834,37.25867,-77.39767,804-526-6566,"Sun: 11:00am-8:00pm, Mon-Thu: 9:30am-9:30pm, Fri-Sat: 9:30am-10:00pm",LAY,N,NULL,
10,594,2000 Mallory Lane #500,Cool Springs Market,Franklin,TN,37067,35.94682,-86.81889,615-771-9252,"Sun: 11:00am-8:00pm, Mon-Thu: 9:30am-9:30pm, Fri-Sat: 9:30am-10:00pm",,N,NULL,
10,595,55 Route 9 South,NULL,Manalapan,NJ,07726,40.291511,-74.299507,732-780-1508,"Sun: 11:00am-8:00pm, Mon-Thu: 9:30am-9:30pm, Fri-Sat: 9:30am-10:00pm",,N,"Thursday, August 03, 2006",
10,597,2325 South Stemmons Freeway,Vista Ridge Village,Lewisville,TX,75067,33.007,-96.96917,972-315-9140,"Sun: 11:00am-8:00pm, Mon-Thu: 9:30am-9:30pm, Fri-Sat: 9:30am-10:00pm",LAY$ACT,N,NULL,
10,599,Carretera #1 KM 56.2 Barrio,Perez HMO Plaza,Cayey,PR,00736,18.11726,-66.14231,787-263-0996,"Sun: 11:00am-7:00pm, Mon-Wed: 9:00am-7:00pm, Thu-Sat: 9:00am-9:00pm",LAY,N,NULL,
10,601,48-18 Northern Blvd.,Shoppes at Northern Blvd.,Long Island City (Queens),NY,11101,40.7532,-73.9144,718-626-4700,"Sun: 10:00am-8:00pm, Mon-Thu: 9:30am-9:30pm, Fri-Sat: 9:00am-10:00pm",LAY$ACT,N,NULL,
10,602,2615 Town Center Blvd.,Town Center,Sugarland,TX,77478,29.59317,-95.62083,281-265-7100,"Sun: 11:00am-8:00pm, Mon-Thu: 9:30am-9:30pm, Fri-Sat: 9:30am-10:00pm",LAY,N,NULL,
10,603,1158 West Boughton Road,NULL,Bolingbrook,IL,60440,41.7055,-88.12267,630-759-6623,"Sun: 11:00am-8:00pm, Mon-Thu: 9:30am-9:30pm, Fri-Sat: 9:30am-10:00pm",LAY,N,NULL,
10,604,17370 East Colima Road,Puente Hills Mall,Puente Hills (Rowland Hgts),CA,91748,33.98917,-117.927,626-810-0417,"Sun: 10:00am-8:00pm, Mon-Thu: 9:30am-9:30pm, Fri-Sat: 9:30am-10:00pm",LAY,N,NULL,
10,605,2459 Tuscany Street,The Crossings at Corona,Corona,CA,92881,33.82175,-117.51302,951-493-6620,"Sun: 11:00am-8:00pm, Mon-Thu: 9:30am-9:30pm, Fri-Sat: 9:30am-10:00pm",LAY,N,NULL,
10,608,5000 Westheimer Road,Post Oak Center,Houston (Galleria-Post Oak),TX,77056,29.74133,-95.46133,713-626-1334,"Sun: 11:00am-8:00pm, Mon-Thu: 9:30am-9:30pm, Fri-Sat: 9:30am-10:00pm",LAY,N,NULL,
10,609,14645 W 119th St,Olathe Point,Olathe,KS,66062,38.91267,-94.75561,913-764-6336,"Sun: 11:00am-8:00pm, Mon-Thu: 9:30am-9:30pm, Fri-Sat: 9:30am-10:00pm",ACT$HOM,N,"Thursday, April 27, 2006",
10,610,1399 N. Shore Rd.,Wonderland Marketplace,Revere,MA,02151,42.4102,-70.9947,781-289-3217,"Sun: 10:00am-8:00pm, Mon-Thu: 9:30am-9:30pm, Fri-Sat: 9:30am-10:00pm",LAY$ACT,N,NULL,
10,612,1 Worcester Road (Rte. 9),Shoppers World,Framingham,MA,01701,42.30241,-71.395,508-872-2684,"Sun: 10:00am-8:00pm, Mon-Thu: 9:30am-9:30pm, Fri-Sat: 9:30am-10:00pm",ACT$DEL,N,NULL,
10,613,72469 Highway 111,Desert Shopping Center,Palm Desert,CA,92260,33.72819,-116.40274,760-346-2196,"Sun: 10:00am-8:00pm, Mon-Thu: 9:30am-9:30pm, Fri-Sat: 9:30am-10:00pm",ACT,N,NULL,
10,614,3402 Wilkes-Barre Township Commons,NULL,Wilkes-Barre,PA,18702,41.23916,-75.84715,570-824-8124,"Sun: 10:00am-8:00pm, Mon-Thu: 9:30am-9:30pm, Fri-Sat: 9:30am-10:00pm",,N,NULL,
10,615,32155 US Hwy. 79 S,Redhawk Town Center,Temecula,CA,92592,33.47983,-117.09974,951-694-4658,"Sun: 11:00am-8:00pm, Mon-Thu: 9:30am-9:30pm, Fri-Sat: 9:30am-10:00pm",,N,NULL,
10,616,"91 Point Judith Road, Suite 10",Salt Pond Shopping Center,Narragansett,RI,02882,41.42737,-71.48072,401-782-4285,"Sun: 9:00am-8:00pm, Mon-Sat: 9:00am-10:00pm",ACT$HOM,N,NULL,
10,620,#79 Route 73,Coopers Crossing,Voorhees,NJ,08043,39.825,-74.93,856-767-6220,"Sun: 11:00am-8:00pm, Mon-Thu: 9:30am-9:30pm, Fri-Sat: 9:30am-10:00pm",ACT,N,NULL,
10,621,3232 Peachtree St. N.E. STE D,Buckhead Place,Atlanta,GA,30305,33.845,-84.3733,404-365-8155,"Sun: 11:00am-9:00pm, Mon-Thu: 9:30am-9:30pm, Fri-Sat: 9:30am-10:00pm",DEL$LAY,N,NULL,
10,622,200 Hale Road--Buckland,Buckland Mall,Manchester,CT,06040,41.80874,-72.53277,860-648-2600,"Sun: 11:00am-8:00pm, Mon-Thu: 9:30am-9:30pm, Fri-Sat: 9:30am-10:00pm",LAY$ACT,N,NULL,
10,623,2208 Northway Mall,The North Way Mall,Pittsburgh,PA,15237,40.55826,-80.02062,412-369-4005,"Sun: 11:00am-8:00pm, Mon-Thu: 9:30am-9:30pm, Fri-Sat: 9:30am-10:00pm",DEL,N,NULL,
10,624,1201 D. South Hayes Street,Pentagon Center,Arlington,VA,22202,38.86067,-77.0585,703-413-1668,"Sun: 11:00am-8:00pm, Mon-Thu: 9:30am-9:30pm, Fri-Sat: 9:30am-10:00pm",DEL$LAY,N,NULL,
10,625,Ave Victor Rojas & Calle Cervantes,Plaza del Mercado,Arecibo,PR,00612,18.47452,-66.71924,787-878-2700,"Sun: 11:00am-6:00pm, Mon-Thu: 9:00am-7:00pm, Fri-Sat: 9:00am-9:00:00pm",LAY,N,NULL,
10,627,FD Roosevelt Ave,Caparra Shopping Center,Caparra Heights,PR,00968,18.41117,-66.10078,787-782-7878,"Sun: 11:00am-8:00pm, Mon-Thu: 9:00am-9:30pm, Fri-Sat: 9:00am-10:00pm",HOM$LAY,N,NULL,
10,628,Ave 65 Infanteria (Carr 3) & Carr 8887,Plaza del Este,Carolina,PR,00987,18.39202,-65.98078,787-769-7878,"Sun: 11:00am-8:00pm, Mon-Thu: 9:00am-9:30pm, Fri-Sat: 9:00am-10:00pm",HOM$LAY,N,NULL,
10,629,Carr 1 & Carr 189,Villa Blanca Shopping Center,Caguas,PR,00725,18.23973,-66.03276,787-743-7878,"Sun: 11:00am-8:00pm, Mon-Thu: 9:00am-9:30pm, Fri-Sat: 9:00am-10:00pm",ACT$LAY,N,NULL,
10,630,Carr 2 & Carr 343,Mayaguez Mall,Mayaguez,PR,00680,18.15601,-67.14327,787-833-2688,"Sun: 11:00am-7:00pm, Mon-Wed: 9:00am-7:00pm, Thu-Sat: 9:00am-9:00:00pm",HOM$LAY,N,NULL,
10,631,154 Calle Rafael Cordero,Plaza de Armas,Old San Juan,PR,00901,18.4648,-66.11693,787-722-3020,"Sun: 11:00am-8:00pm, Mon-Thu: 9:00am-8:00pm, Fri-Sat: 9:00am-8:00pm",LAY,N,NULL,
10,632,Blvd Miguel Pou & Ave Fagot,Centro del Sur Shop Center,Ponce,PR,00717,18.011182,-66.602031,787-840-7878,"Sun: 11:00am-7:00pm, Mon-Sat 9:00am-9:00pm",HOM$LAY,N,NULL,
10,633,1064 Ave Ponce de Leon,NULL,San Juan (Santurce),PR,00907,18.45222,-66.07675,787-725-7575,"Sun: 11:00am-8:00pm, Mon-Thu: 9:00am-8:00pm, Fri-Sat: 9:00am-8:00pm",ACT$LAY,N,NULL,
10,634,PR-128 Km 0.5,Yauco Plaza I Shopping Center,Yauco,PR,00698,18.02524,-66.85401,787-992-4740,"Sun: 11:00am-6:00pm, Mon-Thu: 9:00am-7:00pm, Fri-Sat: 9:00am-9:00pm",LAY,N,"Thursday, November 18, 2010",
10,636,Avenue Monte Hiedra & Calle Los Romeros,Monte Hiedra Town Center,Monte Hiedra,PR,00926,18.33917,-66.06786,787-720-8980,"Sun: 11:00am-8:00pm, Mon-Thu: 9:00am-9:30pm, Fri-Sat: 9:00am-10:00pm",HOM$LAY,N,NULL,
10,641,1601 Preston Road,Old Sheppard Place,Plano  (West),TX,75093,33.0233,-96.7982,972-733-3319,"Sun: 11:00am-8:00pm, Mon-Thu: 9:30am-9:30pm, Fri-Sat: 9:30am-10:00pm",ACT,N,NULL,
10,642,1 Ronson Road,Oakwood Plaza,Woodbridge  (Isellin),NJ,08830,40.55072,-74.31412,732-602-3283,"Sun: 10:00am-8:00pm, Mon-Thu: 9:30am-9:30pm, Fri-Sat: 9:30am-10:00pm",LAY$ACT,N,NULL,
10,643,70 Worcester-Providence Turnpike (Rt. 146),Shoppes at Blackstone Valley,Millbury,MA,01527,42.200587,-71.778025,508-865-9014,"Sun: 11:00am-8:00pm, Mon-Thu: 9:30am-9:30pm, Fri-Sat: 9:00am-10:00pm",ACT,N,NULL,
10,644,2540 Hargroves Rd.,Heritage Pavilion,Smyrna,GA,30080,33.8902,-84.4765,770-436-6061,"Sun: 11:00am-9:00pm, Mon-Thu: 9:30am-9:30pm, Fri-Sat: 9:30am-10:00pm",DEL$LAY,N,NULL,
10,645,73 Winthrop Avenue,Plaza One Fourteen,Lawrence,MA,01843,42.68948,-71.14932,978-685-4810,"Sun: 11:00am-8:00pm, Mon-Sat: 9:00am-9:00pm",LAY,N,"Thursday, March 17, 2011",
10,646,3131 North Clark St.,NULL,Chicago - Clark & Halsted,IL,60657,41.9393,-87.6498,773-327-2711,"Sun: 10:00am-8:00pm, Mon-Thu: 9:30am-9:30pm, Fri-Sat: 9:30am-10:00pm",ACT$DEL$LAY,N,NULL,
10,649,3501 W. Genese Street,Fairmont Fair Shopping Center,Camillus,NY,13219,43.04122,-76.26881,315-468-9754,"Sun: 11:00am-8:00pm, Mon-Thu: 9:30am-9:30pm, Fri-Sat: 9:30am-10:00pm",ACT$HOM,N,NULL,
10,650,255 East Flagler St.,Galleria International,Miami (Downtown),FL,33131,25.77367,-80.18917,305-358-3844,"Sun: 10:00am-6:00pm, Mon-Thu: 9:00am-8:00pm, Fri-Sat: 9:00am-8:00pm",DEL$LAY,N,NULL,
10,651,16800 Collins Avenue,R.K. Associates Shopping Center,North Miami Beach,FL,33160,25.9283,-80.1217,305-944-0223,"Sun: 11:00am-9:00pm, Mon-Thu: 9:30am-9:30pm, Fri-Sat: 9:30am-10:00pm",,N,NULL,
10,652,"12635 I-10 West, Suite 505",Fiesta Trails Center,San Antonio,TX,78249,29.5668,-98.5882,210-696-9893,"Sun: 11:00am-8:00pm, Mon-Thu: 9:30am-9:30pm, Fri-Sat: 9:30am-10:00pm",ACT,N,NULL,
10,653,2550 PGA Boulevard,PGA Plaza,Palm Beach Gardens,FL,33410,26.84341,-80.07382,561-776-0501,"Sun: 11:00am-8:00pm, Mon-Thu: 9:30am-9:30pm, Fri-Sat: 9:30am-10:00pm",,N,NULL,
10,654,15945 Ventura Boulevard,NULL,Encino,CA,91436,34.15607,-118.48048,818-501-7135,"Sun: 11:00am-8:00pm, Mon-Thu: 9:30am-9:30pm, Fri-Sat: 9:30am-10:00pm",DEL,N,NULL,
10,655,700 Post Road,Fairfield Center,Fairfield,CT,06430,41.14809,-73.24797,203-319-1044,"Sun: 10:00am-8:00pm, Mon-Thu: 9:00am-9:30pm, Fri-Sat: 9:00am-10:00pm",,N,NULL,
10,656,2485 Richmond Avenue,NULL,Staten Island,NY,10314,40.5808,-74.1626,718-370-3313,"Sun: 11:00am-8:00pm, Mon-Thu: 9:30am-9:30pm, Fri-Sat: 9:30am-10:00pm",LAY,N,NULL,
10,657,5438 New Hope Commons Drive,New Hope Commons,Durham,NC,27707,35.9542,-78.9983,919-489-4884,"Sun: 11:00am-8:00pm, Mon-Thu: 9:30am-9:30pm, Fri-Sat: 9:30am-10:00pm",LAY$ACT,N,NULL,
10,658,3781 Alton Parkway,West Park Shopping ,Irvine (Alton),CA,92606,33.6822,-117.8098,949-250-4206,"Sun: 10:00am-9:00pm, Mon-Thu: 9:30am-10:00pm, Fri-Sat: 9:30am-10:00pm",DEL$ACT,N,NULL,
10,660,350 Washington Street (Downtown Crossing),Downtown Crossing,Boston,MA,02108,42.35615,-71.05978,617-338-6205,"Sun: 11:00am-8:00pm, Mon-Thu: 9:00am-8:30pm, Fri-Sat: 9:00am-9:00pm",DEL$ACT,N,NULL,
10,661,240 South Route 59,West Ridge Court,Naperville,IL,60540,41.769122,-88.20568,630-637-9905,"Sun: 10:00am-8:00pm, Mon-Thu: 9:00am-9:30pm, Fri-Sat: 9:00am-10:00pm",ACT,N,NULL,
10,662,6065 Northwest Loop 410,Festival Center,San Antonio ,TX,78238,29.475,-98.614,210-647-3073,"Sun: 11:00am-8:00pm, Mon-Thu: 9:30am-9:30pm, Fri-Sat: 9:30am-10:00pm",,N,NULL,
10,663,10429 Indianapolis Boulevard,Highland Grove,Highland,IN,46322,41.5242,-87.4685,219-922-9134,"Sun: 11:00am-8:00pm, Mon-Thu: 9:30am-9:30pm, Fri-Sat: 9:30am-10:00pm",LAY,N,NULL,
10,664,163 Skokie Boulevard,Village Square of Northbrook,Northbrook,IL,60062,42.151,-87.8028,847-480-0139,"Sun: 11:00am-8:00pm, Mon-Thu: 9:30am-9:30pm, Fri-Sat: 9:30am-10:00pm",ACT,N,NULL,
10,665,4377 Mills Circle,Ontario Mills,Ontario,CA,91764,34.07499,-117.5535,909-484-3291,"Sun: 11:00am-8:00pm, Mon-Thu: 9:30am-9:30pm, Fri-Sat: 9:30am-10:00pm",LAY,N,NULL,
10,668,875 Lawrenceville-Suwanee Rd,Lawrenceville Market,Lawrenceville,GA,30044,33.9682,-84.0168,770-995-2575,"Sun: 11:00am-9:00pm, Mon-Thu: 9:30am-9:30pm, Fri-Sat: 9:30am-10:00pm",LAY,N,NULL,
10,669,3200F Laclede Station Rd,Deer Creek Center,Maplewood,MO,63143,38.604395,-90.329983,314-645-1008,"Sun: 10:00am-8:00pm, Mon-Thu: 9:30am-9:30pm, Fri-Sat: 9:30am-10:00pm",,N,NULL,
10,670,100 Independence Way,Highland Plaza,Brewster,NY,10509,41.4222,-73.6285,845-940-1740,"Sun: 11:00am-8:00pm, Mon-Thu: 9:30am-10:00pm, Fri-Sat: 9:30am-10:00pm",,N,NULL,
10,673,10130 West McDowell Road,Gateway Pavillions,Avondale,AZ,85323,33.465,-112.27225,623-936-0637,"Sun: 10:00am-8:00pm, Mon-Thu: 9:30am-9:30pm, Fri-Sat: 9:30am-10:00pm",,N,NULL,
10,674,1111 Union Street,Airport Mall ,Bangor,ME,04401,44.832203,-68.78755,207-947-9130,"Sun: 10:00am-8:00pm, Mon-Thu: 9:00am-9:30pm, Fri-Sat: 9:00am-10:00pm",ACT,N,NULL,
10,675,18920 E. 39th Street,Independence Commons Shop. Ctr.,Independence,MO,64057,39.0495,-94.3559,816-795-7044,"Sun: 11:00am-8:00pm, Mon-Thu: 9:30am-9:30pm, Fri-Sat: 9:30am-10:00pm",ACT,N,NULL,
10,676,1421 Towne Square Blvd. NW,Towne Square Shopping Center,Roanoke,VA,24012,37.318741,-79.964586,540-366-6071,"Sun: 11:00am-8:00pm, Mon-Thu: 9:30am-9:30pm, Fri-Sat: 9:30am-10:00pm",ACT,N,NULL,
10,677,795 West Montauk Highway,South Bay Shopping Center,West Babylon,NY,11704,40.69563,-73.30028,631-587-4787,"Sun: 9:00am-8:00pm, Mon-Thu: 9:00am-9:30pm, Fri-Sat: 9:00am-10:00pm",DEL,N,NULL,
10,678,2642 E. Colonial Drive,Colonial Plaza,Orlando - E. Colonial Dr.,FL,32803,28.5502,-81.3513,407-895-6133,"Sun: 10:00am-8:00pm, Mon-Thu: 9:30am-9:30pm, Fri-Sat: 9:30am-10:00pm",ACT,N,NULL,
10,679,5400 Westpointe Plaza Drive,Westpointe Plaza,Columbus,OH,43228,39.98514,-83.149449,614-771-4898,"Sun: 10:00am-8:00pm, Mon-Thu: 9:30am-9:30pm, Fri-Sat: 9:30am-10:00pm",ACT$LAY,N,NULL,
10,680,911 Topsy Lane Suite 114,Carson Valley Plaza,Carson City,NV,89705,39.10805,-119.77574,775-267-3403,"Sun: 11:00am-8:00pm, Mon-Thu: 9:30am-9:30pm, Fri-Sat: 9:30am-10:00pm",,N,NULL,
10,682,2065 Verdugo Boulevard,NULL,Montrose (La Canada),CA,91020,34.2047,-118.2218,818-541-9585,"Sun: 10:00am-8:00pm, Mon-Thu: 9:30am-9:30pm, Fri-Sat: 9:30am-10:00pm",DEL,N,NULL,
10,685,96-05 Queens Blvd,NULL,Rego Park,NY,11374,40.7302,-73.8627,718-275-7797,"Sun: 11:00am-8:00pm, Mon-Thu: 9:30am-9:30pm, Fri-Sat 9:30am-10:00pm",LAY,N,NULL,
10,686,40 South  7th Street,Minneapolis City Center,Minneapolis,MN,55402,44.9775,-93.27317,612-673-9174,"Sun: 11:00am-6:00pm, Mon-Sat: 9:30am-8:00pm",ACT,N,NULL,
10,687,109 Pavilion Parkway,Fayetteville Pavilion,Fayetteville,GA,30214,33.47909,-84.43972,770-719-4699,"Sun: 11:00am-9:00pm, Mon-Thu: 9:30am-9:30pm, Fri-Sat: 9:30am-10:00pm",LAY,N,NULL,
10,688,2330 Matthews Township Parkway,Matthews Corners,Matthews,NC,28105,35.1187,-80.696,704-841-8001,"Sun: 11:00am-8:00pm, Mon-Thu: 9:30am-9:30pm, Fri-Sat: 9:30am-10:00pm",ACT,N,NULL,
10,689,855 Jackman Street & Fletcher Parkway,NULL,El Cajon,CA,92020,32.8065,-116.9718,619-590-8292,"Sun: 10:00am-8:00pm, Mon-Thu: 9:30am-9:30pm, Fri-Sat: 9:30am-10:00pm",LAY,N,NULL,
10,690,600 North Michigan Avenue,NULL,Chicago - N. Michigan,IL,60611,41.893,-87.6248,312-280-7506,"Sun: 10:00am-7:00pm, Mon-Thu: 9:00am-9:00pm, Fri-Sat: 9:00am-9:30pm",ACT$DEL$LAY,N,NULL,
10,691,120 Marketplace Blvd,The Ridge,Rochester,NH,03867,43.334469,-71.012495,603-332-0018,"Sun: 10:00am-8:00pm, Mon-Thu: 9:00am-9:30pm, Fri-Sat: 9:00am-10:00pm",,Y,"Thursday, April 28, 2016",Now open!<br>
10,692,10 Main Street (Rte. 38),Stadium Plaza,Tewksbury,MA,01876,42.6298,-71.2733,978-851-6299,"Sun: 11:00am-8:00pm, Mon-Thu: 9:30am-9:30pm, Fri-Sat: 9:00am-10:00pm",ACT,N,NULL,
10,693,11270 Olympic Boulevard,1 Westside Center,West Los Angeles,CA,90025,34.03772,-118.43929,310-312-1266,"Sun: 11:00am-8:00pm, Mon-Thu: 9:30am-9:30pm, Fri-Sat: 9:30am-10:00pm",DEL,N,NULL,
10,694,625 Atlantic Ave.,Atlantic Center,Brooklyn,NY,11201,40.6843,-73.9785,718-398-5254,"Sun: 11:00am-8:00pm, Mon-Thu: 9:30am-9:30pm, Fri-Sat: 9:30am-10:00pm",DEL$LAY,N,NULL,
10,695,4612 W. Irving Boulevard,Marketplace at Six Corners,Chicago - W. Irving,IL,60641,41.9532,-87.7472,773-282-0078,"Sun: 11:00am-8:00pm, Mon-Thu: 9:30am-9:30pm, Fri-Sat: 9:30am-10:00pm",DEL$LAY$ACT,N,NULL,
10,696,901 South Coast Drive,South Coast Shopping Center,Costa Mesa,CA,92626,33.6897,-117.8937,714-751-3853,"Sun: 10:00am-9:00pm, Mon-Thu: 9:30am-10:00pm, Fri-Sat: 9:30am-10:00pm",,N,NULL,
10,697,7440 N. Blackstone,MarketPlace at River Park,Fresno,CA,93710,36.8468,-119.7873,559-439-9072,"Sun: 10:00am-8:00pm, Mon-Thu: 9:30am-9:30pm, Fri-Sat: 9:30am-10:00pm",LAY$ACT,N,NULL,
10,698,135 Pearl Street,Pearl Plaza,Braintree,MA,02184,42.2029,-70.9998,781-848-8593,"Sun: 11:00am-8:00pm, Mon-Thu: 9:30am-9:30pm, Fri-Sat: 9:30am-10:00pm",LAY$ACT,N,NULL,
10,699,4780 Natomas Blvd.,Park Place Market II,Sacramento,CA,95835,38.66883,-121.50771,916-928-6959,"Sun: 11:00am-8:00pm, Mon-Thu: 9:30am-9:30pm, Fri-Sat: 9:30am-10:00pm",,N,NULL,
10,702,7400 Abercron,Savannah Centre,Savannah,GA,31406,32.00729,-81.11062,912-692-0505,"Sun: 11:00am-8:00pm, Mon-Thu: 9:30am-9:30pm, Fri-Sat: 9:30am-10:00pm",LAY$ACT,N,NULL,
10,703,3000 Grapevine Mills Pwy,Grapevine Mills,Grapevine,TX,76051,32.9653,-97.0387,972-539-5500,"Sun: 11:00am-7:00pm, Mon-Sat: 10:00am-9:00pm",ACT,N,NULL,
10,704,112 W. 87th Street,Chatham Ridge Shopping Center,Chicago - W. 87th,IL,60620,41.736419,-87.626854,773-874-7054,"Sun: 11:00am-8:00pm, Mon-Thu: 9:30am-9:30pm, Fri-Sat: 9:30am-10:00pm",DEL$LAY,N,NULL,
10,705,400 Mill Creek Drive,Mill Creek,Secaucus,NJ,07094,40.79104726,-74.05219648,201-864-4832,"Sun: 10:00am-8:00pm, Mon-Thu: 9:30am-9:30pm, Fri-Sat: 9:30am-10:00pm",HOM$LAY,N,NULL,
10,706,2200 Mount Holly Road,Liberty Square Shopping Center,Burlington,NJ,08016,40.050011,-74.841208,609-239-2888,"Sun: 11:00am-8:00pm, Mon-Thu: 9:30am-9:30pm, Fri-Sat: 9:30am-10:00pm",LAY,N,NULL,
10,707,5000 Arizona Mills Circle,Arizona Mills,Tempe,AZ,85282,33.38619,-111.96488,480-897-4940,"Sun: 11:00am-7:00pm, Mon-Thu: 10:00am-9:30pm, Fri: 10:00am-10:00pm, Sat: 10:00am-9:30pm",,N,NULL,
10,708,141 Newport Avenue,NULL,Quincy,MA,01270,42.2727,-71.0284,617-328-9529,"Sun: 10:00am-8:00pm, Mon-Thu: 9:30am-9:30pm, Fri-Sat: 9:30am-10:00pm",LAY,N,NULL,
10,709,3938 S. Harlem Avenue,NULL,Lyons,IL,60534,41.8211,-87.8026,708-447-6770,"Sun: 11:00am-8:00pm, Mon-Thu: 9:30am-9:30pm, Fri-Sat: 9:30am-10:00pm",LAY,N,NULL,
10,710,16200 SW Pacific Highway,Tigard Towne Square,Tigard,OR,97224,45.4275,-122.75,503-620-7230,"Sun: 10:00am-8:00pm, Mon-Thu: 9:30am-9:30pm, Fri-Sat: 9:00am-10:00pm",ACT,N,NULL,
10,711,1596 S. Randall Road,Randall Square Shopping Center,Geneva,IL,60134,41.87155,-88.34217,630-262-9281,"Sun: 11:00am-8:00pm, Mon-Thu: 9:30am-9:30pm, Fri-Sat: 9:30am-10:00pm",ACT,N,NULL,
10,712,6814 Parker Farm Rd ,Mayfaire Center,Wilmington,NC,28405,34.234203,-77.830228,910-256-1074,"Sun: 10:00am-8:00pm, Mon-Thu: 9:00am-9:30pm, Fri-Sat: 9:00am-10:00pm",,N,"Thursday, September 25, 2014",
10,713,3131 East Main Street,Cortlandt Town Center,Cortlandt,NY,10547,41.307,-73.8777,914-526-2975,"Sun: 11:00am-8:00pm, Mon-Thu: 9:30am-10:00pm, Fri-Sat: 9:30am-10:00pm",,N,NULL,
10,714,4400 Fort Jackson Blvd,Rosewood Crossing,Columbia,SC,29209,33.990995,-80.97677,803-790-6817,"Sun: 11:00am-8:00pm, Mon-Thu: 9:30am-9:30pm, Fri-Sat: 9:30am-10:00pm",ACT$LAY,Y,"Thursday, April 07, 2016",Now Open!<br>
10,715,2890 Chapel Hill Road,Douglasville Pavilion,Douglasville,GA,30133,33.73108,-84.73581,770-577-9390,"Sun: 11:00am-9:00pm, Mon-Thu: 9:30am-9:30pm, Fri-Sat: 9:30am-10:00pm",LAY,N,NULL,
10,716,5840 Antioch Road,Merriam Town Center,Merriam,KS,66202,39.0221,-94.6919,913-432-7765,"Sun: 11:00am-8:00pm, Mon-Thu: 9:30am-9:30pm, Fri-Sat: 9:30am-10:00pm",ACT,N,NULL,
10,718,11 Courthouse Rd,Acme Plaza,Cape May ,NJ,08210,39.0872,-74.8194,609-463-0901,"Sun: 10:00am-8:00pm, Mon-Thu: 9:30am-9:30pm, Fri-Sat: 9:30am-10:00pm",ACT,N,NULL,
10,719,10951 West Broad Street,Colonnades West Shopping Center,Glen Allen,VA,23060,37.646149,-77.58457,804-965-1557,"Sun: 11:00am-8:00pm, Mon-Thu: 9:30am-9:30pm, Fri-Sat: 9:30am-10:00pm",LAY$ACT,N,NULL,
10,720,1525 N. State Rte 50,Water Tower Plaza,Bourbonnais,IL,60914,41.1686,-87.8508,815-929-0248,"Sun: 11:00am-8:00pm, Mon-Thu: 9:30am-9:30pm, Fri-Sat: 9:30am-10:00pm",LAY$ACT,N,NULL,
10,721,7150 Valley Creek Plaza,Woodbury Village,Woodbury,MN,55125,44.9258,-92.9683,651-578-9515,"Sun: 11:00am-8:00pm, Mon-Thu: 9:30am-9:30pm, Fri-Sat: 9:30am-10:00pm",ACT,N,NULL,
10,722,2091 Skibo Road,Fayetteville Pavilion,Fayetteville,NC,28314,35.0537,-78.9714,910-868-4110,"Sun: 11:00am-8:00pm, Mon-Thu: 9:30am-9:30pm, Fri-Sat: 9:30am-10:00pm",LAY$ACT,N,NULL,
10,723,2100 Bartow Avenue,Bay Plaza Shopping Center,Bronx,NY,10475,40.8682,-73.8313,718-320-7211,"Sun: 11:00am-8:00pm, Mon-Thu: 9:30am-9:30pm, Fri-Sat: 9:30am-10:00pm",DEL$LAY,N,NULL,
10,724,4200 Baldwin Road,Great Lakes Crossing,Auburn Hills,MI,48326,42.704,-83.3034,248-745-5850,"Sun: 11:00am-6:00pm, Mon-Sat: 10:00am-9:00pm",ACT,N,NULL,
10,725,908 Camino Del Rio North,Mission Valley West,Mission Valley,CA,92108,32.765,-117.15167,619-497-0773,"Sun: 10:00am-8:00pm, Mon-Thu: 9:30am-9:30pm, Fri-Sat: 9:30am-10:00pm",DEL,N,NULL,
10,726,1832 86th Street,NULL,Brooklyn,NY,11214,40.6067,-74.0023,718-621-3434,"Sun: 11:00am-8:00pm, Mon-Thu: 9:30am-9:30pm, Fri-Sat: 9:30am-10:00pm",LAY,N,NULL,
10,727,4900 Marsh Rd,Meridian Towne Center,Okemos,MI,48864,42.7202,-84.4201,517-347-0529,"Sun: 11:00am-8:00pm, Mon-Thu: 9:30am-9:30pm, Fri-Sat: 9:30am-10:00pm",ACT,N,NULL,
10,728,25630 The Old Road,Valencia Marketplace,Valencia (Santa Clarita),CA,91381,34.39344,-118.57198,661-799-9150,"Sun: 10:00am-8:00pm, Mon-Thu: 9:30am-9:30pm, Fri-Sat: 9:30am-10:00pm",DEL$ACT,N,NULL,
10,729,"4575 Highway 1, Suite 30",Pelican Shopping Center,Rehoboth Beach,DE,19971,38.7373,-75.1449,302-645-8729,"Sun: 9:00am-8:00pm, Mon-Thu: 9:30am-9:00pm, Fri-Sat: 9:00am-10:00pm",,N,NULL,
10,730,1965 Pavillion Way,Hamburg Pavilion,Lexington,KY,40509,38.0215,-84.4116,859-543-1545,"Sun: 11:00am-8:00pm, Mon-Thu: 9:30am-9:30pm, Fri-Sat: 9:30am-10:00pm",ACT,N,NULL,
10,731,"145 Holt Garrison Pkwy, Ste D",The Coleman Marketplace,Danville,VA,24540,36.5853,-79.4274,434-793-2183,"Sun: 11:00am-8:00pm, Mon-Thu: 9:30am-9:30pm, Fri-Sat: 9:30am-10:00pm",,N,NULL,
10,732,8241 Old Troy Pike,Northpark Center,Huber Heights,OH,45424,39.87251,-84.13743,937-237-8072,"Sun: 11:00am-8:00pm, Mon-Thu: 9:30am-9:30pm, Fri-Sat: 9:30am-10:00pm",LAY$ACT,N,NULL,
10,733,5562 Silver Hill Rd.,Penn Station Shopping Center,District Heights,MD,20747,38.856509,-76.909149,301-669-1981,"Sun: 11:00am-8:00pm, Mon-Thu: 9:30am-9:30pm, Fri-Sat: 9:30am-10:00pm",LAY,N,"Thursday, April 07, 2011",
10,735,80 Storrs Street,Capital Shopping Center,Concord,NH,03301,43.20455,-71.53472,603-223-6777,"Sun: 9:00am-7:00pm, Mon-Thu: 9:00am-9:00pm, Fri-Sat: 8:30am-9:00pm",ACT,N,NULL,
10,738,2665 South 108th Street,Cleveland Shopping Center,West Allis,WI,53227,42.99616,-88.04722,414-327-6708,"Sun: 11:00am-8:00pm, Mon-Thu: 9:30am-9:30pm, Fri-Sat: 9:30am-10:00pm",HOM$ACT,N,NULL,
10,739,651 Kapkowski Road Suite 40,Jersey Gardens Metro Mall,Elizabeth,NJ,07201,40.66365,-74.17392,908-436-1224,"Sun: 11:00am-8:00pm, Mon-Thu: 9:30am-9:30pm, Fri-Sat: 9:30am-10:00pm",ACT,N,NULL,
10,742,375 Faith Rd,Innes Street Market,Salisbury,NC,28146,35.65677,-80.46002,704-637-5572,"Sun: 11:00am-8:00pm, Mon-Thu: 9:30am-9:30pm, Fri-Sat: 9:30am-10:00pm",,N,NULL,
10,743,125 Promenade Blvd,Bridgewater Promenade ,Bridgewater,NJ,08807,40.56092,-74.5592,732-748-0037,"Sun: 10:00am-8:00pm, Mon-Thu: 9:30am-9:30pm, Fri-Sat: 9:30am-10:00pm",,N,"Thursday, October 19, 2006",
10,744,9445 Skokie Boulevard,NULL,Skokie,IL,60076,42.05338,-87.74471,847-677-0204,"Sun: 10:00am-8:00pm, Mon-Thu: 9:30am-9:30pm, Fri-Sat: 9:30am-10:00pm",,N,NULL,
10,745,18700 Veterans Boulevard,Heritage Plaza,Port Charlotte,FL,33954,27.01531,-82.15021,941-743-2410,"Sun: 11:00am-8:00pm, Mon-Thu: 9:30am-9:30pm, Fri-Sat: 9:30am-10:00pm",,N,NULL,
10,746,701 Route 440,Hudson Mall,Jersey City,NJ,07304,40.72356,-74.09016,201-209-0505,"Sun: 11:00am-8:00pm, Mon-Thu: 9:30am-9:30pm, Fri-Sat: 9:30am-10:00pm",LAY$ACT,N,NULL,
10,747,1697 N. Germantown Parkway,The Commons at Dexter Lake,Cordova,TN,38016,35.17161,-89.79482,901-752-0466,"Sun: 11:00am-8:00pm, Mon-Thu: 9:30am-9:30pm, Fri-Sat: 9:30am-10:00pm",LAY,N,NULL,
10,748,890 Beverly Boulevard,The Mart of Montebello,Montebello,CA,90640,34.0172,-118.105,323-726-2814,"Sun: 10:00am-8:00pm, Mon-Thu: 9:30am-9:30pm, Fri-Sat: 9:30am-10:00pm",LAY$ACT,N,NULL,
10,749,Comerio Blvd & Expo De Diego,Plaza Rio Hondo,Bayamon,PR,00959,18.42256,-66.16323,787-261-6110,"Sun: 11:00am-8:00pm, Mon-Thu: 9:00am-9:30pm, Fri-Sat: 9:00am-10:00pm",HOM$LAY,N,NULL,
10,750,1128 West Branch Street,Five Cities Center,Arroyo Grande,CA,93420,35.128,-120.5953,805-474-9465,"Sun: 11:00am-8:00pm, Mon-Thu: 9:30am-9:30pm, Fri-Sat: 9:30am-10:00pm",ACT,N,NULL,
10,751,14575 Orchard Pkwy ,Orchard Town Center,Westminster,CO,80023,39.961641,-104.994039,303-457-2413,"Sun: 10:00am-8:00pm, Mon-Thu: 9:30am-9:30pm, Fri-Sat: 9:30am-10:00pm",ACT,Y,"Thursday, May 12, 2016",Now Open!<br>
10,752,21117 Zeier Road,East Towne Plaza,Madison,WI,53704,43.1283,-89.3044,608-242-1444,"Sun: 11:00am-8:00pm, Mon-Thu: 9:30am-9:30pm, Fri-Sat: 9:30am-10:00pm",ACT,N,NULL,
10,753,2144 W. Union Blvd.,Lehigh Shopping Center,Bethlehem,PA,18018,40.62645,-75.41891,610-867-9413,"Sun: 10:00am-8:00pm, Mon-Thu: 9:30am-9:30pm, Fri-Sat: 9:30am-10:00pm",HOM,N,NULL,
10,754,6565 Strip Avenue,The Strip,North Canton,OH,44720,40.87803,-81.43392,330-305-9613,"Sun: 11:00am-8:00pm, Mon-Thu: 9:30am-9:30pm, Fri-Sat: 9:30am-10:00pm",ACT,N,NULL,
10,755,2240 Bridgepoint Parkway,Bridgepointe,San Mateo,CA,94404,37.5528,-122.2961,650-573-9770,"Sun: 11:00am-8:00pm, Mon-Thu: 9:30am-9:30pm, Fri-Sat: 9:30am-10:00pm",ACT,N,NULL,
10,756,3544-3584 Long Beach Road,Oceanside Plaza,Oceanside,NY,11572,40.6209,-73.6409,516-766-6788,"Sun: 10:00am-8:00pm, Mon-Thu: 9:30am-9:30pm, Fri-Sat: 9:30am-10:00pm",,N,NULL,
10,757,7892 Dublin Boulevard,Dublin Retail Center,Dublin,CA,94568,37.7025316,-121.9332433,925-875-1550,"Sun: 10:00am-8:00pm, Mon-Thu: 9:30am-9:30pm, Fri-Sat: 9:30am-10:00pm",ACT,N,NULL,
10,758,6207 Route 30 suite 2020,Hempfield Plaza,Greensburg,PA,15601,40.30513994,-79.58764315,724-850-8828,"Sun: 11:00am-8:00pm, Mon-Thu: 9:30am-9:30pm, Fri-Sat: 9:30am-10:00pm",DEL$ACT,N,NULL,
10,760,7900 N. Oracle Road,Plaza Escondida,Tucson,AZ,85704,32.35091,-110.97355,520-877-3195,"Sun: 11:00am-8:00pm, Mon-Thu: 9:30am-9:30pm, Fri-Sat: 9:30am-10:00pm",,N,NULL,
10,761,"15800 Briarwood Cr, Unit B ",Cornerstar Shopping Center,Aurora,CO,80016,39.594173,-104.80309,303-680-7163 ,"Sun: 11:00am-8:00pm, Mon-Thu: 9:30am-9:30pm, Fri-Sat: 9:30am-10:00pm",,N,"Thursday, October 16, 2014",
10,762,61 Rhl Boulevard,The Shoppes at Trace Fork,South Charleston,WV,25309,38.325475,-81.719572,304-744-8990,"Sun: 11:00am-8:00pm, Mon-Thu: 9:30am-9:30pm, Fri-Sat: 9:30am-10:00pm",ACT,N,NULL,
10,763,1989 East Main Street,Hillcrest Shopping Center,Spartanburg,SC,29307,34.9663,-81.895,864-585-2234,"Sun: 11:00am-8:00pm, Mon-Thu: 9:30am-9:30pm, Fri-Sat: 9:30am-10:00pm",LAY,N,NULL,
10,764,17646 Garland Groh Boulevard,The Centre at Hagerstown,Hagerstown,MD,21740,39.65616,-77.75101,240-420-2699,"Sun: 11:00am-8:00pm, Mon-Thu: 9:30am-9:30pm, Fri-Sat: 9:30am-10:00pm",DEL$LAY$ACT,N,NULL,
10,765,1460 Fording Island Road,Hilton Head Village,Bluffton,SC,29910,32.23899,-80.8163,843-836-2489,"Sun: 10:00am-8:00pm, Mon-Thu: 9:00am-9:30pm, Fri-Sat: 9:00am-10:00pm",,N,NULL,
10,766,6 Fairhaven Common Way,Fairhaven Commons,Fairhaven,MA,02719,41.6414,-70.885,508-984-5135,"Sun: 10:00am-8:00pm, Mon-Sat: 9:00am-10:00pm",ACT$LAY,N,NULL,
10,767,5929 Trussville Crossing Pwy,Colonial Promenade,Trussville,AL,35253,33.63999,-86.6263,205-655-7743,"Sun: 11:00am-8:00pm, Mon-Thu: 9:30am-9:30pm, Fri-Sat: 9:30am-10:00pm",LAY$ACT,N,NULL,
10,768,1250 Western Boulevard,Cross Pointe Center,Jacksonville,NC,28546,34.77691,-77.39082,910-455-7450,"Sun: 11:00am-8:00pm, Mon-Thu: 9:30am-9:30pm, Fri-Sat: 9:30am-10:00pm",LAY,N,NULL,
10,769,3463 Mayfield Road,Severance Town Center,Cleveland Heights,OH,44118,41.51699,-81.55147,216-381-1008,"Sun: 11:00am-8:00pm, Mon-Thu: 9:30am-9:00pm, Fri-Sat: 9:30am-10:00pm",,N,NULL,
10,770,1268 Lilitz Pike,Golden Triangle Shopping Center,Lancaster,PA,17601,40.06038,-76.30643,717-390-0393,"Sun: 10:00am-8:00pm, Mon-Thu: 9:00am-9:30pm, Fri-Sat: 9:00am-10:00pm",ACT,N,NULL,
10,771,900 East Expressway 83,Las Tiendas Plaza,Mcallen,TX,78503,26.18785,-98.21494,956-688-6684,"Sun: 11:00am-8:00pm, Mon-Thu: 9:30am-9:30pm, Fri-Sat: 9:30am-10:00pm",LAY,N,NULL,
10,772,141 Plaza Drive,Gateway Plaza,Vallejo,CA,94589,38.13359,-122.21822,707-554-6599,"Sun: 11:00am-8:00pm, Mon-Thu: 9:30am-9:30pm, Fri-Sat: 9:30am-10:00pm",LAY,N,NULL,
10,773,8672 Park Meadows Center Dr,South Denver Market Place,Lone Tree (Denver),CO,80124,39.55853,-104.88035,303-662-9694,"Sun: 10:00am-7:00pm, Mon-Thu: 9:30am-9:30pm, Fri-Sat: 9:30am-10:00pm",ACT,N,"Thursday, October 21, 2010",
10,775,2701 Parket Road,La Frontera Plaza,Round Rock,TX,78664,30.4816,-97.6774,512-600-0061,"Sun: 11:00am-8:00pm, Mon-Thu: 9:30am-9:30pm, Fri-Sat: 9:30am-10:00pm",LAY,N,NULL,
10,776,"3333 Preston Rd, Suite 500",Center at Preston Ridge,Frisco,TX,75034,33.0977,-96.8066,972-668-2590,"Sun: 11:00am-8:00pm, Mon-Thu: 9:30am-9:30pm, Fri-Sat: 9:30am-10:00pm",,N,NULL,
10,777,440 E. FM 1382,Plaza at Cedar Hill,Cedar Hill,TX,75104,32.5936,-96.93981,972-291-3002,"Sun: 11:00am-8:00pm, Mon-Thu: 9:30am-9:30pm, Fri-Sat: 9:30am-10:00pm",LAY$ACT,N,NULL,
10,778,13200 Middlebelt Road,Millennium Park Shopping Center,Livonia,MI,48154,42.38165,-83.33117,734-367-0853,"Sun: 11:00am-8:00pm, Mon-Thu: 9:30am-9:30pm, Fri-Sat: 9:30am-10:00pm",LAY,N,NULL,
10,779,460 East Waterfront Drive,The Waterfront,Pittsburgh (Homestead),PA,15120,40.40832,-79.91185,412-476-0193,"Sun: 11:00am-8:00pm, Mon-Thu: 9:30am-9:30pm, Fri-Sat: 9:30am-10:00pm",ACT$DEL,N,NULL,
10,780,4830 Wilson Ave.,Wilson Town Center,Wyoming,MI,49509,42.88286,-85.76125,616-534-4403,"Sun: 11:00am-8:00pm, Mon-Thu: 9:30am-9:30pm, Fri-Sat: 9:30am-10:00pm",ACT,N,NULL,
10,781,90 Pleasant Valley Rd.,The Loop,Methuen,MA,01844,42.7462,-71.15974,978-975-0440,"Sun: 11:00am-8:00pm, Mon-Thu: 9:30am-9:30pm, Fri-Sat: 9:00am-9:30pm",LAY$ACT,N,NULL,
10,782,665 Boston Post Rd.,Old Saybrook Shopping Center,Old Saybrook,CT,06095,41.29491,-72.3806,860-388-1444,"Sun: 10:00am-8:00pm, Mon-Thu: 9:00am-9:30pm, Fri-Sat: 9:00am-10:00pm",ACT,N,NULL,
10,783,5072a West Main Street,Maple Hill Mall,Kalamazoo,MI,49009,42.29673,-85.64954,269-342-6317,"Sun: 11:00am-8:00pm, Mon-Thu: 9:30am-9:30pm, Fri-Sat: 9:30am-10:00pm",ACT$LAY,N,NULL,
10,784,565 Jericho Turnpike,NULL,Syosset,NY,11791,40.81095,-73.4957,516-496-0294,"Sun: 9:00am-8:00pm, Mon-Thu: 9:00am-9:30pm, Fri-Sat: 9:00am-10:00pm",DEL$HOM,N,NULL,
10,785,3115 South Mooney Boulevard,Tower Plaza,Visalia,CA,93277,36.30223,-119.31413,559-739-7814,"Sun: 11:00am-8:00pm, Mon-Thu: 9:30am-9:30pm, Fri-Sat: 9:30am-10:00pm",LAY,N,NULL,
10,786,5000 Katy Mills Circle,Katy Mills,Katy,TX,77494,29.7824,-95.804,281-644-7676,"Sun: 11:00am-6:00pm, Mon-Sat:10:00am-9:00pm",,N,NULL,
10,787,9845 S. Eastern Avenue,Silverado Ranch Plaza,Las Vegas - Silverado Blvd,NV,89123,36.00961,-115.1217,702-617-2910,"Sun: 11:00am-8:00pm, Mon-Thu: 9:30am-9:30pm, Fri-Sat: 9:30am-10:00pm",,N,NULL,
10,788,"1440 Central Avenue, Bldg C",Northway Mall,Albany,NY,12205,42.70673,-73.82417,518-482-5447,"Sun: 11:00am-8:00pm, Mon-Thu: 9:30am-10:00pm, Fri-Sat: 9:30am-10:00pm",,N,NULL,
10,789,11251 NW 12th Street,Dolphin Mall,Miami,FL,33172,25.78279,-80.37579,305-629-8847,"Sun: 11:00am-8:00pm, Mon-Thu: 9:30am-9:30pm, Fri-Sat: 9:30am-9:30pm",DEL$HOM,N,NULL,
10,790,3600 S. Hurstbourne Parkway,Stony Brook South Center,Louisville,KY,40299,38.19896,-85.60153,502-499-9677,"Sun: 11:00am-8:00pm, Mon-Thu: 9:30am-9:30pm, Fri-Sat: 9:30am-10:00pm",LAY,N,NULL,
10,791,2850 Pablo Kisel Blvd,Sunrise Commons,Brownsville,TX,78526,25.94958,-97.50399,956-544-7224,"Sun: 11:00am-8:00pm, Mon-Thu: 9:30am-9:30pm, Fri-Sat: 9:30am-10:00pm",LAY,N,NULL,
10,792,105 Goodman Road West,South Lake Centre,Southaven,MS,38671,34.964848,-89.993398,662-349-6807,"Sun: 11:00am-8:00pm, Mon-Thu: 9:30am-9:30pm, Fri-Sat: 9:30am-10:00pm",LAY,N,NULL,
10,793,119 North Shore Boulevard,Village at Northshore,Slidell,LA,70460,30.30182,-89.82565,985-781-9305,"Sun: 11:00am-8:00pm, Mon-Thu: 9:30am-9:30pm, Fri-Sat: 9:30am-10:00pm",LAY$ACT,N,NULL,
10,794,35854 Detroit Road,Avon Commons,Avon,OH,44011,41.46222,-82.01694,440-937-0236,"Sun: 11:00am-8:00pm, Mon-Thu: 9:30am-9:30pm, Fri-Sat: 9:30am-10:00pm",ACT$DEL,N,NULL,
10,795,9500 Montgomery Blvd Ne S-5f,Sierra Vista Shopping Center,Albuquerque,NM,87111,35.1306,-106.5329,505-294-6213,"Sun: 11:00am-8:00pm, Mon-Thu: 9:30am-9:30pm, Fri-Sat: 9:30am-10:00pm",,N,NULL,
10,796,1000 Immokalee Road,Granada Shoppes,Naples,FL,34108,26.26815,-81.79739,239-597-5150,"Sun: 11:00am-8:00pm, Mon-Thu: 9:30am-9:30pm, Fri-Sat: 9:30am-10:00pm",,N,NULL,
10,797,6386 Ridgewood Court,Ridgewood Court,Jackson,MS,39211,32.39837,-90.13867,601-977-9556,"Sun: 11:00am-8:00pm, Mon-Thu: 9:30am-9:30pm, Fri-Sat: 9:30am-10:00pm",LAY$ACT,N,NULL,
10,798,288 East Main Street,RK Plaza,Middletown,RI,02840,41.51888,-71.29366,401-848-0900,"Sun: 9:00am-8:00pm, Mon-Sat: 9:00am-10:00pm",ACT,N,NULL,
10,799,217 Grant Avenue,Auburn Plaza,Auburn,NY,13021,42.94928,-76.54996,315-258-0988,"Sun: 11:00am-8:00pm, Mon-Thu: 9:30am-9:30pm, Fri-Sat: 9:30am-10:00pm",LAY$ACT,N,NULL,
10,800,3075 N. Rainbow Blvd,Cheyenne Commons,Las Vegas - N. Rainbow,NV,89108,36.2181,-115.242,702-396-8020,"Sun: 11:00am-8:00pm, Mon-Thu: 9:30am-9:30pm, Fri-Sat: 9:30am-10:00pm",LAY,N,NULL,
10,801,6565 Highway 6 N,Copperfield Shopping Center,Copperfield,TX,77084,29.87761,-95.64617,832-593-9136,"Sun: 11:00am-8:00pm, Mon-Thu: 9:30am-9:30pm, Fri-Sat: 9:30am-10:00pm",LAY,N,NULL,
10,802,3050 E. Lohman Ave,Laguna Seca Shopping Center,Las Cruces,NM,88011,32.31569,-106.74148,575-522-6965,"Sun: 11:00am-8:00pm, Mon-Thu: 9:30am-9:30pm, Fri-Sat: 9:30am-10:00pm",,N,NULL,
10,803,"5425 S. Padre Island Drive, S-133",Moore Plaza,Corpus Christi,TX,78411,27.7065,-97.37155,361-992-0286,"Sun: 11:00am-8:00pm, Mon-Thu: 9:30am-9:30pm, Fri-Sat: 9:30am-10:00pm",LAY,N,NULL,
10,804,8028 Denton Hwy,Watauga Towne Crossing,Watauga,TX,76148,32.892759,-97.256903,817-427-8750,"Sun: 11:00am-8:00pm, Mon-Thu: 9:30am-9:30pm, Fri-Sat: 9:30am-10:00pm",,N,NULL,
10,805,1514 Governors Square Boulevard Suite 100,Governors Marketplace,Tallahassee,FL,32301,30.4397,-84.2619,850-877-1951,"Sun: 11:00am-8:00pm, Mon-Thu: 9:00am-9:30pm, Fri-Sat: 9:00am-10:00pm",,N,NULL,
10,806,10295 E. U.S. Highway 36,Avon Commons Shopping Center,Avon,IN,46123,39.7604,-86.3321,317-271-9641,"Sun: 11:00am-8:00pm, Mon-Thu: 9:30am-9:30pm, Fri-Sat: 9:30am-10:00pm",LAY$ACT,N,NULL,
10,807,110 Charlton Road Rte. 20 East,The Center at Hobbs Brook,Sturbridge,MA,01566,42.12703,-72.05736,508-347-0015,"Sun: 11:00am-8:00pm, Mon-Thu: 9:30am-9:30pm, Fri-Sat: 9:30am-10:00pm",ACT,N,NULL,
10,808,4649 Presidential Parkway,Eisenhower Crossing,Macon,GA,31206,32.81738,-83.71011,478-405-2675,"Sun: 11:00am-9:00pm, Mon-Thu: 9:30am-9:30pm, Fri-Sat: 9:30am-10:00pm",LAY,N,NULL,
10,809,"6275 University Drive, Suite 7",Westside Pavillion,Huntsville,AL,35806,34.7408,-86.67291,256-971-2119,"Sun: 11:00am-8:00pm, Mon-Thu: 9:30am-9:30pm, Fri-Sat: 9:30am-10:00pm",,N,NULL,
10,810,2662 Chapel Lake Drive,The Village at Waugh Chapel,Crofton (Gambrills),MD,21054,39.03865,-76.67953,410-721-5383,"Sun: 11:00am-8:00pm, Mon-Thu: 9:30am-9:30pm, Fri-Sat: 9:30am-10:00pm",DEL$LAY$ACT,N,NULL,
10,811,1200 Galleria Boulevard,Creekside Town Center,Roseville,CA,95678,38.77203,-121.2606,916-788-8480,"Sun: 11:00am-8:00pm, Mon-Thu: 9:30am-9:30pm, Fri-Sat: 9:30am-10:00pm",ACT,N,NULL,
10,812,PR 149 Intersection PR2,Manati Plaza,Manati,PR,00674,18.43337,-66.47573,787-854-0101,"Sun: 11:00am-7:00pm, Mon-Sat 9:00am-9:00pm",LAY,N,NULL,
10,813,San Jose Boulevard & Claire Lane,Mandarin Corners Shopping Center,Jacksonville,FL,32223,30.17577,-81.62868,904-288-8349,"Sun: 10:00am-8:00pm, Mon-Thu: 9:00am-9:30pm, Fri-Sat: 9:00am-10:00pm",LAY,N,NULL,
10,814,310 Town Center Blvd. Ste B-101,Village Lakes,White Lake Township,MI,48383,42.648351,-83.500515,248-698-2724,"Sun: 11:00am-8:00pm, Mon-Thu: 9:30am-9:30pm, Fri-Sat: 9:30am-10:00pm",,N,"Thursday, April 02, 2009",
10,815,5756 Highway 153,Oak Park Town Center,Hixson,TN,37343,35.15797,-85.24815,423 875-4680,"Sun: 11:00am-8:00pm, Mon-Thu: 9:30am-9:30pm, Fri-Sat: 9:30am-10:00pm",LAY,N,NULL,
10,816,1099 North Homestead Boulevard,Homestead Town Square,Homestead,FL,33030,25.47684,-80.4659,305-248-2144,"Sun: 11:00am-8:00pm, Mon-Thu: 9:30am-9:30pm, Fri-Sat: 9:30am-10:00pm",LAY,N,NULL,
10,817,S. Township Line Road,Lakeview Shopping Center,Royersford,PA,19468,40.19386,-75.52669,610 792-8805,"Sun: 10:00am-8:00pm, Mon-Thu: 9:00am-9:30pm, Fri-Sat: 9:00am-10:00pm",,N,NULL,
10,818,1742 North Fm 1604 East,Northwoods Shopping Center,San Antonio,TX,78232,29.6074,-98.46494,210 490-0611,"Sun: 11:00am-8:00pm, Mon-Thu: 9:30am-9:30pm, Fri-Sat: 9:30am-10:00pm",,N,NULL,
10,819,"2112 SW HK Dodgen Loop, Suite 160",Temple Towne Center,Temple,TX,76504,31.07984,-97.38225,254-791-4954,"Sun: 11:00am-8:00pm, Mon-Thu: 9:30am-9:30pm, Fri-Sat: 9:30am-10:00pm",LAY$ACT,N,NULL,
10,820,1701 N. Victory Place,Empire Center,Burbank,CA,91504,34.1902,-118.32838,818-729-9007,"Sun: 10:00am-8:00pm, Mon-Thu: 9:30am-9:30pm, Fri-Sat: 9:30am-10:00pm",DEL,N,NULL,
10,821,2735 East Bidwell Street,Broadstone Plaza,Folsom,CA,95630,38.65649,-121.12712,916-984-3746,"Sun: 11:00am-8:00pm, Mon-Thu: 9:30am-9:30pm, Fri-Sat: 9:30am-10:00pm",ACT,N,NULL,
10,822,9033 Columbus Pike,Northpointe Plaza,Lewis Center,OH,43035,40.15742,-83.01778,740-549-3375,"Sun: 11:00am-8:00pm, Mon-Thu: 9:30am-9:30pm, Fri-Sat: 9:30am-10:00pm",ACT,N,NULL,
10,824,"21001 N. Tatum Blvd., Suite 56",Desert Ridge Marketplace,Phoenix,AZ,85050,33.67881,-111.97723,480-473-2127,"Sun: 11:00am-8:00pm, Mon-Thu: 9:30am-9:30pm, Fri-Sat: 9:30am-10:00pm",HOM,N,NULL,
10,825,396 Westport Ave (Rt 1) ,Former Grand Union,Norwalk,CT,06851,41.126133,-73.3901,203-750-9660,"Sun: 10:00am-8:00pm, Mon-Thu: 9:00am-9:30pm, Fri-Sat: 9:00am-10:00pm",,N,"Thursday, November 20, 2008",
10,826,327 Franklin Ave,Boulder Run Shopping Center,Wyckoff,NJ,07430,41.011983,-74.16675,201-847-2401,"Sun: 11:00am-8:00pm, Mon-Thu: 9:30am-9:30pm, Fri-Sat: 9:30am-10:00pm",ACT,N,"Thursday, May 12, 2011",
10,827,5220 Jimmy Lee Smith Parkway,Hiram Pavillion Shopping Center,Hiram,GA,30141,33.88998,-84.75395,678 567-9529,"Sun: 11:00am-9:00pm, Mon-Thu: 9:30am-9:30pm, Fri-Sat: 9:30am-10:00pm",DEL$LAY,N,NULL,
10,828,23001 Michigan Avenue,Westborn Shopping Center,Dearborn,MI,48124,42.30153,-83.26301,313 563-6387,"Sun: 11:00am-8:00pm, Mon-Thu: 9:30am-9:30pm, Fri-Sat: 9:30am-10:00pm",LAY,N,NULL,
10,829,1495 Hwy. 17,Mt Pleasant Shopping Center,Mt. Pleasant,SC,29464,32.81637,-79.84616,843 884-5584,"Sun: 10:00am-8:00pm, Mon-Thu: 9:00am-9:30pm, Fri-Sat: 9:00am-10:00pm",ACT$HOM,N,NULL,
10,830,825 North Landing Way,The Landing,Renton,WA,98057,47.495934,-122.2051,425 203-9177,"Sun: 10:00am-8:00pm, Mon-Sat: 9:30am-9:30pm",ACT,N,"Thursday, November 18, 2010",
10,831,175 Passaic Avenue,Pathmark Shopping Center,Kearney,NJ,07032,40.76245,-74.15921,201 997-3972,"Sun: 11:00am-8:00pm, Mon-Thu: 9:30am-9:30pm, Fri-Sat: 9:30am-10:00pm",LAY,N,NULL,
10,832,4448 N. Dowlen Road,Parkdale Mall,Beaumont,TX,77706,30.11491,-94.16843,409 347-2755,"Sun: 11:00am-8:00pm, Mon-Thu: 9:30am-9:30pm, Fri-Sat: 9:30am-10:00pm",LAY,N,NULL,
10,833,600 Hempstead Turnpike,Elmont Shopping Center,Elmont,NY,11003,40.70802,-73.70723,516 354-4475,"Sun: 10:00am-8:00pm, Mon-Thu: 9:30am-9:30pm, Fri-Sat: 9:30am-10:00pm",DEL$LAY,N,NULL,
10,834,6520 Carlisle Pike,Silver Spring Commons,Mechanicsburg,PA,17050,40.2459,-77.0296,717 766-0133,"Sun: 11:00am-8:00pm, Mon-Thu: 9:30am-9:30pm, Fri-Sat: 9:30am-10:00pm",,N,NULL,
10,835,1195 North Court Street,Medwick Marketplace,Medina,OH,44256,41.15612,-81.8633,330-725-1080,"Sun: 11:00am-8:00pm, Mon-Thu: 9:30am-9:30pm, Fri-Sat: 9:30am-10:00pm",DEL$ACT,N,NULL,
10,836,8080 Mall Parkway ,Stonecrest Marketplace,Lithonia,GA,30038,33.699196,-84.091667,678 526-0662,"Sun: 11:00am-9:00pm, Mon-Thu: 9:30am-9:30pm, Fri-Sat: 9:30am-10:00pm",LAY,N,"Sunday, March 03, 2002",
10,837,1764 Prien Lake Road,Prien Lake Plaza,Lake Charles,LA,70601,30.19415,-93.24924,337-477-4177,"Sun: 11:00am-8:00pm, Mon-Thu: 9:30am-9:30pm, Fri-Sat: 9:30am-10:00pm",,N,NULL,
10,838,325 Russell Street,Mountain Farms Mall,Hadley,MA,01035,42.3601,-72.547,413-582-0324,"Sun: 11:00am-8:00pm, Mon-Thu: 9:30am-9:30pm, Fri-Sat: 9:30am-10:00pm",ACT,N,NULL,
10,839,1600 Mall of Georgia Boulevard,Market Place at Mill Creek,Buford,GA,30519,34.06239,-83.99426,770-271-5211,"Sun: 11:00am-9:00pm, Mon-Thu: 9:30am-9:30pm, Fri-Sat: 9:30am-10:00pm",DEL$LAY,N,NULL,
10,840,8335 Westchester Dr. Suite 20,Preston Center Pavillion,Dallas,TX,75225,32.86407,-96.80658,214-265-7301,"Sun: 11:00am-8:00pm, Mon-Thu: 9:30am-9:30pm, Fri-Sat: 9:30am-10:00pm",,N,NULL,
10,841,14135 Hall Rd.,Shelby Town Center,Utica,MI,48315,42.62757,-82.98458,586-532-1623,"Sun: 11:00am-8:00pm, Mon-Thu: 9:30am-9:30pm, Fri-Sat: 9:30am-10:00pm",ACT$HOM$LAY,N,NULL,
10,842,470 Route 211 East,Orange Plaza,Middletown,NY,10940,41.45455,-74.38217,845-342-4800,"Sun: 11:00am-8:00pm, Mon-Thu: 9:30am-10:00pm, Fri-Sat: 9:30am-10:00pm",,N,NULL,
10,843,2601 South McArthur Drive,Alexandria Commons,Alexandria,LA,71301,31.2685,-92.4597,318-487-9737,"Sun: 11:00am-8:00pm, Mon-Thu: 9:30am-9:30pm, Fri-Sat: 9:30am-10:00pm",LAY,N,NULL,
10,844,2913 Taylor Road,Taylor Square,Reynoldsburg,OH,43068,39.94146,-82.77818,614-367-0930,"Sun: 11:00am-8:00pm, Mon-Thu: 9:30am-9:30pm, Fri-Sat: 9:30am-10:00pm",ACT$LAY,N,NULL,
10,845,2783 Papermill Rd,Broadcast Square,Wyomissing,PA,19610,40.35302,-75.98089,610-371-8370,"Sun: 10:00am-8:00pm, Mon-Thu: 9:00am-9:30pm, Fri-Sat: 9:00am-10:00pm",,N,NULL,
10,846,917 Joe Mann Boulevard,Midland Place II,Midland,MI,48642,43.65572,-84.24692,989-839-2817,"Sun: 11:00am-8:00pm, Mon-Thu: 9:30am-9:30pm, Fri-Sat: 9:30am-10:00pm",ACT,N,NULL,
10,847,7507 North Clark Street,Gateway Centre Plaza,Chicago,IL,60626,42.0187,-87.67532,773-274-9660,"Sun: 11:00am-8:00pm, Mon-Thu: 9:30am-9:30pm, Fri-Sat: 9:30am-10:00pm",DEL$LAY,N,NULL,
10,848,4100 University Avenue,Water Tower Place,West Des Moines,IA,50266,41.60035,-93.76141,515-440-2955,"Sun: 11:00am-8:00pm, Mon-Thu: 9:30am-9:30pm, Fri-Sat: 9:30am-10:00pm",ACT,N,NULL,
10,849,2029 W. Maple Road,Cambridge Crossing,Troy,MI,48084,42.54733,-83.16676,248-655-0512,"Sun: 11:00am-8:00pm, Mon-Thu: 9:30am-9:30pm, Fri-Sat: 9:30am-10:00pm",LAY,N,NULL,
10,850,8359 12 Mile Rd ,Tech Plaza,Warren,MI,48093,42.507747,-83.025999,586-558-7647,"Sun: 11:00am-8:00pm, Mon-Thu: 9:30am-9:30pm, Fri-Sat: 9:30am-10:00pm",LAY,Y,"Thursday, March 17, 2016",Now Open!<br>
10,851,590 Gulfgate Center,GulfGate Center,Houston,TX,77087,29.6972,-95.28898,713-649-2642,"Sun: 11:00am-8:00pm, Mon-Thu: 9:30am-9:30pm, Fri-Sat: 9:30am-10:00pm",LAY,N,NULL,
10,852,701 Sleater Kinney Road,South Sound Center,Lacey,WA,98503,47.04601,-122.83269,360-412-0377,"Sun: 10:00am-8:00pm, Mon-Thu: 9:30am-9:30pm, Fri-Sat: 9:00am-10:00pm",ACT,N,NULL,
10,853,5690 Fairmont Parkway,Fairway Market Place,Pasadena,TX,77505,29.65063,-95.15598,281-998-1833,"Sun: 11:00am-8:00pm, Mon-Thu: 9:30am-9:30pm, Fri-Sat: 9:30am-10:00pm",LAY,N,NULL,
10,854,2383 Maple Road,Tops Plaza,Williamsville,NY,14221,42.98911,-78.69694,716-810-0980,"Sun: 10:00am-7:00pm, Mon-Thu: 9:30am-9:30pm, Fri-Sat: 9:30am-10:00pm",ACT,N,NULL,
10,855,881 NE 25th Avenue,Hillsboro Market Center,Hillsboro,OR,97124,45.5309,-122.95561,503-547-2841,"Sun: 10:00am-8:00pm, Mon-Thu: 9:30am-9:30pm, Fri-Sat: 9:00am-10:00pm",,N,NULL,
10,856,2745 Schaad Rd,Northwest Exchange,Knoxville,TN,37921,36.00564,-84.02691,865-947-9099,"Sun: 11:00am-8:00pm, Mon-Thu: 9:30am-9:30pm, Fri-Sat: 9:30am-10:00pm",,N,NULL,
10,857,3833 Grand Avenue,Spectrum Towne Center,Chino,CA,91710,34.00317,-117.72481,909-364-8210,"Sun: 11:00am-8:00pm, Mon-Thu: 9:30am-9:30pm, Fri-Sat: 9:30am-10:00pm",,N,"Thursday, May 15, 2014",
10,858,311 Costco Way,The Crossings at Mid Rivers,St. Peters,MO,63376,38.79822,-90.60529,636-278-6900,"Sun: 10:00am-8:00pm, Mon-Thu: 9:30am-9:30pm, Fri-Sat: 9:30am-10:00pm",ACT$HOM$LAY,N,NULL,
10,859,1930 Jonesboro Road,Henry Town Center,McDonough,GA,30253,33.4626,-84.2102,678-583-6122,"Sun: 11:00am-9:00pm, Mon-Thu: 9:30am-9:30pm, Fri-Sat: 9:30am-10:00pm",ACT,N,NULL,
10,860,5555 Whittlesey Road,Columbus Park Crossing,Columbus,GA,31909,32.54675,-84.945,706-494-0551,"Sun: 11:00am-9:00pm, Mon-Thu: 9:30am-9:30pm, Fri-Sat: 9:30am-10:00pm",LAY,N,NULL,
10,861,5935 North Illinois Street,Lincoln Place,Fairview Heights,IL,62208,38.58577,-89.98445,618-222-1374,"Sun: 10:00am-8:00pm, Mon-Thu: 9:30am-9:30pm, Fri-Sat: 9:30am-10:00pm",ACT,N,NULL,
10,862,24055 Chagrin Boulevard,Pavilion Mall,Beachwood,OH,44122,41.46562745,-81.50722504,216-591-0394,"Sun: 11:00am-8:00pm, Mon-Thu: 9:30am-9:00pm, Fri-Sat: 9:30am-10:00pm",DEL,N,NULL,
10,863,45 West Main Street,NULL,Woodland,CA,95695,38.67755,-121.78241,530-668-4169,"Sun: 11:00am-8:00pm, Mon-Thu: 9:30am-9:30pm, Fri-Sat: 9:30am-10:00pm",,N,NULL,
10,864,8880 Washington Blvd,Pico Rivera Towne Center,Pico Rivera,CA,90660,33.98306,-118.09583,562-801-6236,"Sun: 11:00am-8:00pm, Mon-Thu: 9:30am-9:30pm, Fri-Sat: 9:30am-10:00pm",ACT,N,NULL,
10,865,3489 S. Delsea Drive,Cumberland Mall,Vineland,NJ,08360,39.43118,-75.03964,856-765-1690,"Sun: 11:00am-8:00pm, Mon-Thu: 9:30am-9:30pm, Fri-Sat: 9:30am-10:00pm",,N,NULL,
10,866,5461 West Atlantic Blvd,Lakewood Center,Margate,FL,33063,26.23503,-80.20496,954-968-7950,"Sun: 11:00am-8:00pm, Mon-Thu: 9:30am-9:30pm, Fri-Sat: 9:30am-10:00pm",LAY,N,NULL,
10,867,21323 US 19 North,Drew 19 Shopping Center,Clearwater,FL,33765,27.96769,-82.73016,727-799-7800,"Sun: 11:00am-8:00pm, Mon-Thu: 9:30am-9:30pm, Fri-Sat: 9:30am-10:00pm",,N,NULL,
10,868,Rte 43,Market Place at 4 Corners,Aurora,OH,44202,41.35085,-81.38596,330-995-0018,"Sun: 11:00am-8:00pm, Mon-Thu: 9:30am-9:30pm, Fri-Sat: 9:30am-10:00pm",DEL,N,NULL,
10,869,20111 Route 19,Cranberry Mall,Cranberry Township,PA,16066,40.68475,-80.10149,724-772-1100,"Sun: 11:00am-8:00pm, Mon-Thu: 9:30am-9:30pm, Fri-Sat: 9:30am-10:00pm",ACT$DEL,N,NULL,
10,870,125 West 125th Street,Harlem Center,Manhattan,NY,10027,40.8104,-73.9519,212-866-3963,"Sun: 11:00am-8:00pm, Mon-Thu: 9:30am-9:30pm, Fri-Sat: 9:30am-10:00pm",DEL$LAY,N,NULL,
10,871,2020 N Eagle Rd,Meridian Town Center,Meridian,ID,83646,43.61964,-116.35353,208-288-1023,"Sun: 10:00am-8:00pm, Mon-Thu: 9:30am-9:30pm, Fri-Sat: 9:00am-10:00pm",,N,"Thursday, September 06, 2012",
10,872,1167 W. Irvington Road,West Point Crossing,Tucson,AZ,85714,32.16137,-110.9874,520-573-1621,"Sun: 11:00am-8:00pm, Mon-Thu: 9:30am-9:30pm, Fri-Sat: 9:30am-10:00pm",LAY,N,NULL,
10,873,10950 W Charleston Boulevard,Canyon Pointe Summerlin Centre,Las Vegas,NV,89144,36.1591,-115.33509,702-838-7822,"Sun: 11:00am-8:00pm, Mon-Thu: 9:30am-9:30pm, Fri-Sat: 9:30am-10:00pm",ACT,N,NULL,
10,874,2040 Thundering Herd Drive,Merritt Creek Farm,Village of Barboursville,WV,25504,38.41998,-82.28828,304-736-6200,"Sun: 11:00am-8:00pm, Mon-Thu: 9:30am-9:30pm, Fri-Sat: 9:30am-10:00pm",ACT,N,NULL,
10,875,351 Gateway Drive,Gateway Center,Brooklyn,NY,11236,40.65101545,-73.87310028,718-235-8142,"Sun: 11:00am-8:00pm, Mon-Thu: 9:30am-9:30pm, Fri-Sat: 9:30am-10:00pm",DEL$LAY,N,NULL,
10,876,1118 Commerce Boulevard,Dickson City Commons,Dickson City,PA,18519,41.46944,-75.63853,570 383-7492,"Sun: 11:00am-8:00pm, Mon-Thu: 9:30am-9:30pm, Fri-Sat: 9:30am-10:00pm",,N,NULL,
10,877,10434 Broadway,Silverlake Shopping Center,Pearland,TX,77584,29.55541,-95.38638,713 436-5693,"Sun: 11:00am-8:00pm, Mon-Thu: 9:30am-9:30pm, Fri-Sat: 9:30am-10:00pm",ACT,N,NULL,
10,878,1450 West Gray Street,River Oaks Plaza Shopping Center,Houston,TX,77019,29.75392134,-95.40070295,713 807-8890,"Sun: 11:00am-8:00pm, Mon-Thu: 9:30am-9:30pm, Fri-Sat: 9:30am-10:00pm",HOM$LAY,N,NULL,
10,1001,10131 Coors Blvd NW,Alameda West ,Albuquerque ,NM,87114,35.200556,-106.649673,505-792-5795 ,"Sun: 11:00am-8:00pm, Mon-Thu: 9:30am-9:30pm, Fri-Sat: 9:30am-10:00pm",ACT,N,"Thursday, September 18, 2008",
10,1002,8641 Philadelphia Rd,Golden Ring Plaza,Rosedale (Baltimore),MD,21237,39.335913,-76.4901,410-780-3801,"Sun: 11:00am-8:00pm, Mon-Thu: 9:30am-9:30pm, Fri-Sat: 9:30am-10:00pm",LAY,N,"Thursday, March 08, 2007",
10,1003,10017 Gulf Center Dr,Gulf Coast Town Center,Fort Myers,FL,33913,26.4928,-81.7838,239-267-5697,"Sun: 11:00am-8:00pm, Mon-Thu: 9:30am-9:30pm, Fri-Sat: 9:30am-10:00pm",ACT,N,"Thursday, March 08, 2007",
10,1004,6307 Stewart Rd.,The Plaza on Galveston Isle,Galveston,TX,77551,29.273301,-94.83514,409-741-1483,"Sun: 11:00am-8:00pm, Mon-Thu: 9:30am-9:30pm, Fri-Sat: 9:30am-10:00pm",ACT,N,"Thursday, March 05, 2009",
10,1005,6806 Charlotte Pike,Nashville West Retail Center,Nashville,TN,37209,36.134378,-86.889078,615-353-9586,"Sun: 11:00am-8:00pm, Mon-Thu: 9:30am-9:30pm, Fri-Sat: 9:30am-10:00pm",ACT,N,"Thursday, March 15, 2007",
10,1006,"1300 East 86th St, Ste 24",Nora Plaza,Nora,IN,46240,39.782001,-86.138,317-580-0149,"Sun: 11:00am-8:00pm, Mon-Thu: 9:30am-9:30pm, Fri-Sat: 9:30am-10:00pm",,N,"Thursday, March 08, 2007",
10,1007,7230 Bell Creek Rd Ste B,Hanover Square North Shopping Center,Mechanicsville,VA,23111,37.611226,-77.352926,804-559-0548,"Sun: 11:00am-8:00pm, Mon-Thu: 9:30am-9:30pm, Fri-Sat: 9:30am-10:00pm",LAY,N,"Thursday, March 01, 2007",
10,1008,2041 N US Highway 287,Mansfield Town Center,Mansfield,TX,76063,32.594107,-97.148236,817-539-7207,"Sun: 11:00am-8:00pm, Mon-Thu: 9:30am-9:30pm, Fri-Sat: 9:30am-10:00pm",HOM$LAY,N,"Thursday, September 20, 2007",
10,1009,1608 North Bechtle Ave,Springfield Commons,Springfield,OH,45504,39.932989,-83.833376,937-323-4936,"Sun: 11:00am-8:00pm, Mon-Thu: 9:30am-9:30pm, Fri-Sat: 9:30am-10:00pm",ACT,N,"Thursday, March 08, 2007",
10,1010,7143 Coastal Blvd,Coastal Landings Shop Ctr.,Brooksville (Spring Hill),FL,34613,28.53295,-82.51218,352-597-5135,"Sun: 11:00am-8:00pm, Mon-Thu: 9:30am-9:30pm, Fri-Sat: 9:30am-10:00pm",,N,"Thursday, May 24, 2007",
10,1011,3415 Amelia Dr,Quaker Crossing,Orchard Park,NY,14127,42.791716,-78.781912,716-822-6813,"Sun: 11:00am-8:00pm, Mon-Thu: 9:30am-9:30pm, Fri-Sat: 9:30am-10:00pm",ACT,N,"Thursday, April 19, 2007",
10,1012,24720 N Lake Pleasant Pky,Lake Pleasant Pavilion,Peoria,AZ,85383,33.709502,-112.273894,623-537-0625,"Sun: 11:00am-8:00pm, Mon-Thu: 9:30am-9:30pm, Fri-Sat: 9:30am-10:00pm",,N,"Thursday, August 02, 2007",
10,1013,10025 Biddick Ln,Northcross II,Huntersville,NC,28078,35.442847,-80.866583,704-655-1072,"Sun: 11:00am-8:00pm, Mon-Thu: 9:30am-9:30pm, Fri-Sat: 9:30am-10:00pm",ACT$HOM,N,"Thursday, August 23, 2007",
10,1014,9600 IH 35 South Service Rd ,Southpark Meadows,Austin,TX,78748,30.16656,-97.787841,512-292-8713,"Sun: 11:00am-8:00pm, Mon-Thu: 9:30am-9:30pm, Fri-Sat: 9:30am-10:00pm",,N,"Thursday, April 10, 2008",
10,1015,3485 Steelyard Dr,Steelyard Commons,Cleveland,OH,44109,41.45932403,-81.68884277,216-661-4153,"Sun: 11:00am-8:00pm, Mon-Thu: 9:30am-9:00pm, Fri-Sat: 9:30am-10:00pm",,N,"Thursday, May 17, 2007",
10,1016,"22599 MacArthur Blvd, Ste 360",San Souci Plaza,California,MD,20619,38.287749,-76.483402,301-737-8810,"Sun: 11:00am-8:00pm, Mon-Thu: 9:30am-9:30pm, Fri-Sat: 9:30am-10:00pm",ACT,N,"Thursday, September 13, 2007",
10,1017,1500 Chestnut St,Washington Crown Center,Washington,PA,15301,40.159707,-80.276639,724-229-3924,"Sun: 11:00am-8:00pm, Mon-Thu: 9:30am-9:30pm, Fri-Sat: 9:30am-10:00pm",,N,"Thursday, October 10, 2013",
10,1018,3349 Daniels Road,Winter Garden Village,Winter Garden,FL,34787,28.526858,-81.58665,407-654-1290,"Sun: 10:00am-8:00pm, Mon-Thu: 9:30am-9:30pm, Fri-Sat: 9:30am-10:00pm",ACT$HOM,N,"Thursday, October 11, 2007",
10,1019,1724 US 27 North,Shelby Crossings,Sebring,FL,33870,27.501284,-81.488578,863-382-2190,"Sun: 11:00am-8:00pm, Mon-Thu: 9:30am-9:30pm, Fri-Sat: 9:30am-10:00pm",ACT,N,"Thursday, September 13, 2007",
10,1020,"3055 Columbia Boulevard, Suite 115",Crossroads Marketplace,Titusville,FL,32780,28.552873,-80.842826,321-264-1579,"Sun: 10:00am-8:00pm, Mon-Thu: 9:30am-9:30pm, Fri-Sat: 9:30am-10:00pm",,N,"Thursday, August 09, 2007",
10,1021,5425 Washington Pike,Harvest Park East,Knoxville,TN,37918,36.036945,-83.887763,865-525-4635,"Sun: 11:00am-8:00pm, Mon-Thu: 9:30am-9:30pm, Fri-Sat: 9:30am-10:00pm",ACT,N,"Thursday, September 13, 2007",
10,1022,"5005 E. Marketplace Drive, Suite 160",The Marketplace at Flagstaff Mall,Flagstaff,AZ,86004,35.222432,-111.573182,928-522-6075,"Sun: 11:00am-8:00pm, Mon-Thu: 9:30am-9:30pm, Fri-Sat: 9:30am-10:00pm",ACT,N,"Thursday, October 04, 2007",
10,1023,7316 S Alameda St,La Alameda Shopping Ctr,Huntington Park,CA,90255,33.97456,-118.23306,323-583-5731,"Sun: 10:00am-8:00pm, Mon-Thu: 9:30am-9:30pm, Fri-Sat: 9:30am-10:00pm",ACT,N,"Thursday, March 27, 2008",
10,1024,7155 Arroyo Crossing Pwy,Arroyo Market Square,Las Vegas,NV,89118,36.06504,-115.243315,702-269-0494,"Sun: 11:00am-8:00pm, Mon-Thu: 9:30am-9:30pm, Fri-Sat: 9:30am-10:00pm",ACT,N,"Thursday, November 01, 2007",
10,1026,28901 South Western Ave,The Terraces Shopping Ctr,Ranchos Palos Verdes,CA,90275,33.756915,-118.311406,310-241-1445,"Sun: 11:00am-8:00pm, Mon-Thu: 9:30am-9:30pm, Fri-Sat: 9:30am-10:00pm",,N,"Thursday, March 06, 2008",
10,1028,841 N Dobson Rd,Mesa Riverview,Mesa,AZ,85201,33.431268,-111.87393,480-461-0207,"Sun: 11:00am-8:00pm, Mon-Thu: 9:30am-9:30pm, Fri-Sat: 9:30am-10:00pm",,N,"Thursday, September 27, 2007",
10,1029,10257 NE Cascade Pwy,Cascade Station,Portland,OR,97220,45.571,-122.551041,503-249-8132,"Sun: 10:00am-8:00pm, Mon-Thu: 9:30am-9:30pm, Fri-Sat: 9:00am-10:00pm",ACT,N,"Thursday, September 20, 2007",
10,1030,Carr Estatal #3 KM 134.7,Plaza Guayama Mall,Guayama,PR,00784,17.9778,-66.121662,787-866-0850,"Sun: 11:00am-6:00pm, Mon-Thu: 9:00am-7:00pm, Fri-Sat: 9:00am-9:00pm",ACT,N,"Thursday, October 11, 2007",
10,1031,501 Town Center Drive,Concordville Town Centre,Glen Mills,PA,19342,39.883022,-75.528022,610-459-9701,"Sun: 11:00am-8:00pm, Mon-Thu: 9:30am-9:30pm, Fri-Sat: 9:30am-10:00pm",ACT$HOM,N,"Thursday, May 01, 2008",
10,1032,1858 Joe Battle Blvd,El Paso Marketplace,El Paso,TX,79936,31.759484,-106.269172,915-849-9948,"Sun: 11:00am-8:00pm, Mon-Thu: 9:30am-9:30pm, Fri-Sat: 9:30am-10:00pm",LAY,N,"Thursday, October 25, 2007",
10,1033,5260 S. Highway 360,Lake Prairie Town Crossing,Grand Prairie,TX,75052,32.645967,-97.059333,972-606-0130,"Sun: 11:00am-8:00pm, Mon-Thu: 9:30am-9:30pm, Fri-Sat: 9:30am-10:00pm",LAY,N,"Thursday, October 25, 2007",
10,1034,3100 14th Street NW,DC USA at Columbia Heights,Washington,DC,20010,38.92931,-77.03324,202-265-3402,"Sun: 11:00am-8:00pm, Mon-Thu: 9:30am-9:30pm, Fri-Sat: 9:30am-10:00pm",DEL$LAY,N,"Thursday, March 20, 2008",
10,1035,4440 North Freeway,Northline Commons,Houston ,TX,77022,29.831951,-95.379858,713-695-5041,"Sun: 11:00am-8:00pm, Mon-Thu: 9:30am-9:30pm, Fri-Sat: 9:30am-10:00pm",LAY,N,"Thursday, August 07, 2008",
10,1036,"3301 Coral Way, Ste 302",Miracle Marketplace,Coral Gables,FL,33145,25.7508,-80.253448,305-648-9110,"Sun: 11:00am-8:00pm, Mon-Thu: 9:30am-9:30pm, Fri-Sat: 9:30am-10:00pm",,N,"Wednesday, May 21, 2008",
10,1038,"4224 S New Braunfels Ave, S401",McCreless Shopping Center,San Antonio ,TX,75223,29.39681,-98.46049,210-532-4015,"Sun: 11:00am-8:00pm, Mon-Thu: 9:30am-9:30pm, Fri-Sat: 9:30am-10:00pm",,N,"Thursday, August 07, 2008",
10,1039,5831 University Ave,Mercado University Square SC,San Diego,CA,92115,32.749842,-117.072526,619-286-2013,"Sun: 11:00am-8:00pm, Mon-Thu: 9:30am-9:30pm, Fri-Sat: 9:30am-10:00pm",,N,"Thursday, August 21, 2008",
10,1040,7362 South Olympia Avenue,Tulsa Hills Shopping Center,Tulsa ,OK,74132,36.059374,-96.004201,918-445-4162,"Sun: 11:00am-8:00pm, Mon-Thu: 9:30am-9:30pm, Fri-Sat: 9:30am-10:00pm",ACT,N,"Thursday, August 07, 2008",
10,1041,242 Main St,Shaws Plaza Rte 109,Medfield,MA,02052,42.19447,-71.289535,508-242-9640,"Sun: 11:00am-8:00pm, Mon-Thu: 9:30am-9:30pm, Fri-Sat: 9:30am-10:00pm",ACT,N,"Thursday, May 15, 2008",
10,1042,3146 Tampa Rd,Woodlands Square ,Oldsmar,FL,34677,28.050006,-82.697417,727-771-7910,"Sun: 11:00am-8:00pm, Mon-Thu: 9:30am-9:30pm, Fri-Sat: 9:30am-10:00pm",,N,"Thursday, August 07, 2008",
10,1043,868 Blanding Blvd,Ridgecrest Plaza,Orange Park,FL,32065,30.143723,-81.766329,904-276-9132,"Sun: 10:00am-8:00pm, Mon-Thu: 9:30am-9:30pm, Fri-Sat: 9:30am-10:00pm",ACT,N,"Thursday, April 17, 2008",
10,1044,534 Fort Evans Rd,Fort Evans Plaza II,Leesburg,VA,20176,39.10758,-77.52852,571-258-0560,"Sun: 11:00am-8:00pm, Mon-Thu: 9:30am-9:30pm, Fri-Sat: 9:30am-10:00pm",DEL,N,"Thursday, August 07, 2008",
10,1047,1500 Westbank Expressway,Westbank Village,Harvey,LA,70058,29.903581,-90.065463,504-367-0116,"Sun: 11:00am-8:00pm, Mon-Thu: 9:30am-9:30pm, Fri-Sat: 9:30am-10:00pm",LAY,N,"Thursday, August 07, 2008",
10,1048,550 Kinderkamack Rd,Pascack Valley Shopping Center,Emerson,NJ,07630,40.97611,-74.02667,201-265-0438,"Sun: Closed, Mon-Thu 9:30am-9:30pm, Fri-Sat 9:30am-10:00pm",,N,"Thursday, May 01, 2008",
10,1049,1055 Metropolitan Ave Ste 200,Metropolitan at Midtown,Charlotte (Midtown),NC,28204,35.21296,-80.83443,704-376-1346,"Sun: 11:00am-8:00pm, Mon-Thu: 9:30am-9:30pm, Fri-Sat: 9:30am-10:00pm",ACT,N,"Thursday, August 07, 2008",
10,1050,1004 N Promenade Pkwy #120,The Promenade at Casa Grande,Casa Grande,AZ,85194,32.881758,-111.684718,520-836-9869,"Sun: 11:00am-8:00pm, Mon-Thu: 9:30am-9:30pm, Fri-Sat: 9:30am-10:00pm",,N,"Thursday, April 03, 2008",
10,1051,999 Montauk Highway Unit 36,South Port Shopping Center,Shirley,NY,11967,40.802566,-72.860171,631-399-0235,"Sun: 9:00am-8:00pm, Mon-Thu: 9:00am-9:30pm, Fri-Sat: 9:00am-10:00pm",DEL,N,"Thursday, September 25, 2008",
10,1053,5347 NW Loop 1604 N Ste 113,Alamo Ranch,San Antonio,TX,78253,29.492173,-98.70744,210-681-4036,"Sun: 11:00am-8:00pm, Mon-Thu: 9:30am-9:30pm, Fri-Sat: 9:30am-10:00pm",ACT,N,"Thursday, August 07, 2008",
10,1054,568 E Danenberg Rd,The Plaza at Imperial Valley,El Centro,CA,92243,32.768478,-115.532266,760-312-9950,"Sun: 10:00am-8:00pm, Mon-Thu: 9:30am-9:30pm, Fri-Sat: 9:30am-10:00pm",ACT,N,"Thursday, August 07, 2008",
10,1055,975 Erica Lane,Kendall Market Place,Yorkville,IL,60560,41.661522,-88.46059,630-553-9334,"Sun: 10:00am-8:00pm, Mon-Thu: 9:00am-9:30pm, Fri-Sat: 9:00am-10:00pm",,N,"Thursday, August 21, 2008",
10,1057,1830 Durfee Avenue,Plaza del Sol,South El Monte,CA,91733,34.045432,-118.03131,626-401-9895,"Sun: 11:00am-8:00pm, Mon-Thu: 9:30am-9:30pm, Fri-Sat: 9:30am-10:00pm",ACT,N,"Thursday, October 29, 2009",
10,1058,1200 Commerce Ave,Applegate Ranch,Atwater,CA,95301,37.34469,-120.61319,209-356-0160 ,"Sun: 11:00am-8:00pm, Mon-Thu: 9:30am-9:30pm, Fri-Sat: 9:30am-10:00pm",,N,"Thursday, August 14, 2008",
10,1059,2175 E Semoran Blvd,Wekiva Riverwalk,Apopka,FL,32703,28.674328,-81.469472,407-880-3208,"Sun: 10:00am-8:00pm, Mon-Thu: 9:30am-9:30pm, Fri-Sat: 9:30am-10:00pm",LAY,N,"Thursday, August 14, 2008",
10,1061,16414 Twin Lakes Ave,Lakewood Crossing,Marysville,WA,98271,48.151458,-122.19029,360-654-0968,"Sun: 10:00am-7:00pm, Mon-Sat: 9:30am-9:30pm",,N,"Thursday, March 13, 2008",
10,1062,58th Ave,Century Town Center,Vero Beach,FL,32966,27.637837,-80.448187,772-569-2082,"Sun: 11:00am-8:00pm, Mon-Thu: 9:30am-9:30pm, Fri-Sat: 9:30am-10:00pm",ACT$HOM,N,"Thursday, August 14, 2008",
10,1063,9321 192nd Ave East ,Junction 192 ,Bonney Lake ,WA,98391,47.172629,-122.173695,253-862-0564,"Sun: 10:00am-8:00pm, Mon-Thu: 9:30am-9:30pm, Fri-Sat: 9:00am-10:00pm",ACT,N,"Thursday, October 23, 2008",
10,1064,2564 Central Park Ave,Central Plaza,Yonkers,NY,10710,40.982846,-73.827834,914-779-0745,"Sun: 11:00am-8:00pm, Mon-Thu: 9:30am-9:30pm, Fri-Sat: 9:30am-10:00pm",MSH,N,"Thursday, October 02, 2008",Marshalls Shoe Store Only<br>
10,1065,42425 A Jackson St,The Showcase at Indio,Indio ,CA,92201,33.73714,-116.216519,760-347-2020,"Sun: 10:00am-8:00pm, Mon-Thu: 9:30am-9:30pm, Fri-Sat: 9:30am-10:00pm",ACT,N,"Thursday, October 23, 2008",
10,1067,"3434 W Illinois Ave Bldg 5, Ste 500 ",Sierra Vista Plaza ,Dallas ,TX,75211,32.719291,-96.875725,214-331-1300,"Sun: 11:00am-8:00pm, Mon-Thu: 9:30am-9:30pm, Fri-Sat: 9:30am-10:00pm",LAY,N,"Thursday, November 13, 2008",
10,1068,5200 Ramon Road B5,The Springs ,Palm Springs,CA,92264,33.816995,-116.492111,760-322-2717,"Sun: 10:00am-8:00pm, Mon-Thu: 9:30am-9:30pm, Fri-Sat: 9:30am-10:00pm",,N,"Thursday, April 09, 2009",
10,1069,845 White Plains Road,The Shops at Bruckner Blvd,Bronx (Bruckner),NY,10473,40.821719,-73.857563,718-597-3071,"Sun: 11:00am-8:00pm, Mon-Thu: 9:30am-8:30pm, Fri-Sat: 9:30am-9:30pm",LAY,N,"Thursday, May 14, 2009",
10,1070,1086 Post Road East,Post Plaza Shopping Center,Westport,CT,06880,41.138537,-73.326402,203-341-9328,"Sun: 10:00am-8:00pm, Mon-Sat: 9:30am-9:30pm",MSH,N,"Thursday, April 02, 2009",Marshalls Shoe Store Only<br>
10,1071,290 W. Lake Mead Pkwy,Lake Mead Crossing,Henderson,NV,89015,36.03625112,-114.9941111,702-558-9235,"Sun: 11:00am-8:00pm, Mon-Thu: 9:30am-9:30pm, Fri-Sat: 9:30am-10:00pm",,N,"Thursday, March 19, 2009",
10,1073,5922 E Sam Houston Pwy N,Shops at Stone Park,Houston,TX,77049,29.811796,-95.160609,281-436-1221,"Sun: 11:00am-8:00pm, Mon-Thu: 9:30am-9:30pm, Fri-Sat: 9:30am-10:00pm",ACT,N,"Thursday, September 17, 2009",
10,1074,610 Exterior Street,Gateway Center,Bronx,NY,10451,40.82016,-73.930225,718-292-6319,"Sun: 11:00am-8:00pm, Mon-Thu: 9:30am-9:30pm, Fri-Sat: 9:30am-10:00pm",DEL$LAY,N,"Thursday, August 06, 2009",
10,1076,4450 Atlantic Avenue,Bixby Knolls SC,Long Beach,CA,90802,33.837315,-118.184634,562-984-1480,"Sun: 11:00am-8:00pm, Mon-Thu: 9:30am-9:30pm, Fri-Sat: 9:30am-10:00pm",DEL,N,"Thursday, August 05, 2010",
10,1077,5505 South Williamson Blvd.,The Pavilion at Port Orange,Port Orange,FL,32128,29.106541,-81.031305,386-763-4681,"Sun: 10:00am-8:00pm, Mon-Thu: 9:00am-9:30pm, Fri-Sat: 9:00am-10:00pm",HOM,N,"Thursday, March 04, 2010",
10,1078,Carr 3 Km 17.3 ,Plaza Canovanas ,Canovanas,PR,00729,18.380503,-65.886351,787-957-1423,"Sun: 11:00am-8:00pm, Mon-Thu: 9:00am-9:30pm, Fri-Sat: 9:00am-10:00pm",LAY,N,"Thursday, November 05, 2009",
10,1079,14367 FM 2920,Tomball Marketplace,Tomball,TX,77377,30.088825,-95.63334,281-255-0610,"Sun: 11:00am-8:00pm, Mon-Thu: 9:30am-9:30pm, Fri-Sat: 9:30am-10:00pm",ACT,N,"Thursday, November 10, 2011",
10,1080,3946 Promenade Pwy,Promenade Mall,D'Iberville,MS,39540,30.455169,-88.904209,228-392-3403,"Sun: 11:00am-8:00pm, Mon-Thu: 9:30am-9:30pm, Fri-Sat: 9:30am-10:00pm",LAY,N,"Thursday, October 08, 2009",
10,1081,"517 East 117th St, Ste 401",East River Plaza,New York (East River),NY,10035,40.7945,-73.9326,917-492-2892,"Sun: 11:00am-8:00pm, Mon-Thu: 9:30am-9:30pm, Fri-Sat: 9:30am-10:00pm",DEL$LAY,N,"Sunday, July 25, 2010",
10,1082,40-24 College Point Blvd,Sky View Center,Flushing,NY,11354,40.757817,-73.832945,718-463-2537,"Sun: 11:00am-8:00pm, Mon-Thu 9:30am-9:30pm, Fri-Sat 9:30am-10:00pm",ACT,N,"Thursday, October 07, 2010",
10,1083,849 Pelham Pwy,Post Road Plaza,Pelham Manor,NY,10803,40.891938,-73.819906,914-637-2569,"Sun: 11:00am-8:00pm, Mon-Thu: 9:30am-9:30pm, Fri-Sat: 9:30am-10:00pm",MSH,N,"Thursday, August 27, 2009",Marshalls Shoe Store Only<br>
10,1084,2399 Meadowbrook Mall Rd,Meadowbrook Mall,Bridgeport,WV,26330,39.311978,-80.273904,304-842-7603,"Sun: 11:00am-6:00pm, Mon-Thu: 10:00am-9:00pm, Fri-Sat: 10:00am-9:00pm",,N,"Thursday, October 22, 2009",
10,1085,211 Gloucester Crossing,Gloucester Crossing,Gloucester,MA,01930,42.625977,-70.659507,978-281-2014,"Sun: 10:00am-8:00pm, Mon-Thu: 9:00am-9:30pm, Fri-Sat: 9:00am-10:00pm",ACT,N,"Thursday, September 17, 2009",
10,1086,PR 53 & PR 923,Plaza Palma Real Shopping Center,Humacao ,PR,00791,18.141816,-65.80884,787-850-6373,"Sun: 11:00am-8:00pm, Mon-Thu: 9:00am-9:30pm, Fri-Sat: 9:00am-10:00pm",LAY,N,"Thursday, November 05, 2009",
10,1087,11620 S. Marshfield Ave,Marshfield Plaza ,Chicago,IL,60643,41.67779,-87.66302,773-821-0637,"Sun: 11:00am-8:00pm, Mon-Thu: 9:30am-9:30pm, Fri-Sat: 9:30am-10:00pm",DEL$LAY,N,"Thursday, August 13, 2009",
10,1088,12325 Seal Beach Blvd,The Shops at Rossmoor,Seal Beach,CA,90740,33.780614,-118.07158,562-594-5636,"Sun: 11:00am-8:00pm, Mon-Thu: 9:30am-9:30pm, Fri-Sat: 9:30am-10:00pm",ACT,N,"Thursday, October 29, 2009",
10,1089,1380 Northern Blvd.,Manhasset Center,Manhasset,NY,11030,40.792738,-73.694612,516-627-5492,"Sun: 10:00am-8:00pm, Mon-Thu: 9:30am-9:30pm, Fri-Sat: 9:30am-10:00pm",DEL,N,"Thursday, May 13, 2010",
10,1090,6327 East Hwy 191 ,Chimney Rock ,Odessa,TX,79762,31.897921,-102.316938,432-366-0509,"Sun: 11:00am-8:00pm, Mon-Thu: 9:30am-9:30pm, Fri-Sat: 9:30am-10:00pm",,N,"Thursday, September 06, 2012",
10,1091,9931 Mountainview Dr ,Century III Square ,West Mifflin,PA,15122,40.340985,-79.951883,412-650-6592,"Sun: 11:00am-8:00pm, Mon-Thu: 9:30am-9:30pm, Fri-Sat: 9:30am-10:00pm",,N,"Thursday, September 30, 2010",
10,1092,Int. State Rd. 153 & PR 542  ,Plaza Prados del Sur,Santa Isabel,PR,00757,18.008182,-66.383665,787-845-1370,"Sun: 11:00am-7:00pm, Mon-Thu: 9:00am-7:00pm, Fri-Sat: 9:00am-9:00pm",ACT,N,"Thursday, August 05, 2010",
10,1093,12787 Main St,High Desert Gateway,Hesperia,CA,92345,34.42482,-117.385906,760-949-1737,"Sun: 11:00am-8:00pm, Mon-Thu: 9:30am-9:30pm, Fri-Sat: 9:30am-10:00pm",,N,"Thursday, September 30, 2010",
10,1094,5795 Christie Ave,Powell Street Plaza,Emeryville,CA,94608,37.837789,-122.295558,510-594-8160,"Sun: 11:00am-8:00pm, Mon-Thu: 9:30am-9:30pm, Fri-Sat: 9:30am-10:00pm",,N,"Thursday, May 20, 2010",
10,1095,1101 South Canal Street,South Gate,Chicago (South Loop),IL,60607,41.867762,-87.638746,312-566-0470,"Sun: 10:00am-8:00pm, Mon-Thu: 9:30am-9:30pm, Fri-Sat: 9:30am-10:00pm",DEL,N,"Thursday, September 09, 2010",
10,1096,620 Ave of Americas,NULL,New York,NY,10011,40.739898,-73.994563,212-741-0621,"Sun: 10:00am-8:00pm, Mon-Thu: 9:30am-9:30pm, Fri-Sat: 9:30am-10:00pm",ACT,N,"Thursday, October 28, 2010",
10,1097,1901 Bernadette Dr.,Columbia Plaza,Columbia,MO,65201,38.965966,-92.36884,573-445-5841,"Sun: 11:00am-8:00pm, Mon-Thu: 9:30am-9:30pm, Fri-Sat: 9:30am-10:00pm",ACT,N,"Thursday, October 21, 2010",
10,1098,2050 Lawrenceville Hwy,North Dekalb Mall,Decatur,GA,30033,33.810118,-84.27423,404-636-5732,"Sun: 11:00am-9:00pm, Mon-Thu: 9:30am-9:30pm, Fri-Sat: 9:30am-10:00pm",ACT,N,"Thursday, October 21, 2010",
10,1099,4530 Eastgate Blvd,Eastgate Crossing,Cincinnati,OH,45245,39.104159,-84.2725,513-753-1600,"Sun: 11:00am-8:00pm, Mon-Thu: 9:30am-9:30pm, Fri-Sat: 9:30am-10:00pm",ACT,N,"Thursday, October 28, 2010",
10,1100,1664 Commercial Way,NULL,Santa Cruz,CA,95065,36.986949,-121.9822,831-462-2168,"Sun: 11:00am-8:00pm, Mon-Thu: 9:30am-9:30pm, Fri-Sat: 9:30am-10:00pm",ACT,N,"Thursday, October 28, 2010",
10,1101,4450 Montgomery Rd.,Surrey Square Mall,Norwood,OH,45212,39.163778,-84.45548,513-531-6200,"Sun: 11:00am-8:00pm, Mon-Thu: 9:30am-9:30pm, Fri-Sat: 9:30am-10:00pm",,N,"Thursday, October 28, 2010",
10,1102,257 B Interstate 45 S,Ravenwood Village SC,Huntsville,TX,77340,30.70589,-95.56295,936-295-1200,"Sun: 11:00am-8:00pm, Mon-Thu: 9:30am-9:30pm, Fri-Sat: 9:30am-10:00pm",,N,"Thursday, March 31, 2011",
10,1103,"5840 Baltimore National Pike, C",Westview Center,Catonsville,MD,21228,39.287704,-76.7361,443-612-9245,"Sun: 11:00am-8:00pm, Mon-Thu: 9:30am-9:30pm, Fri-Sat: 9:30am-10:00pm",LAY,N,"Thursday, April 21, 2011",
10,1104,7840 Wormans Mill Rd,Clemson Corner,Frederick,MD,21702,39.446075,-77.400279,301-631-9049,"Sun: 11:00am-8:00pm, Mon-Thu: 9:30am-9:30pm, Fri-Sat: 9:30am-10:00pm",ACT$DEL,N,"Thursday, March 10, 2011",
10,1105,6365 Ulali Dr NE ,Keizer Station,Keizer,OR,97303,45.009621,-122.997577,503-304-8822,"Sun: 10:00am-8:00pm, Mon-Thu: 9:30am-9:30pm, Fri-Sat: 9:00am-10:00pm",ACT,N,"Thursday, May 19, 2011",
10,1106,2077 NE Burnside St,Oregon Trails SC,Gresham,OR,97080,45.500671,-122.4098,503-492-7121,"Sun: 10:00am-8:00pm, Mon-Thu: 9:30am-9:30pm, Fri-Sat: 9:00am-10:00pm",,N,"Thursday, May 19, 2011",
10,1107,1557 N Expressway Rd,Griffin Crossroad Shopping Center,Griffin,GA,30223,33.273148,-84.29288,770-227-0328,"Sun: 11:00am-9:00pm, Mon-Thu: 9:30am-9:30pm, Fri-Sat: 9:30am-10:00pm",LAY,N,"Thursday, April 28, 2011",
10,1109,6897 Southland Dr.,Southland Shopping Center,Middleburg Heights,OH,44130,41.378613,-81.7861,440-886-1454,"Sun: 11:00am-8:00pm, Mon-Thu: 9:30am-9:30pm, Fri-Sat: 9:30am-10:00pm",,N,"Thursday, August 18, 2011",
10,1110,3975 Cascades Blvd.,Cascades Village,Kent,OH,44240,41.097647,-81.38656,330-677-4177,"Sun: 10:00am-8:00pm, Mon-Thu: 9:30am-9:30pm, Fri-Sat: 9:30am-10:00pm",,N,"Thursday, November 10, 2011",
10,1111, 1454 Eastchase Pkwy , Eastchase Market ,Fort Worth,TX,76120,32.759454,-97.16794,817-459-2851,"Sun: 11:00am-8:00pm, Mon-Thu: 9:30am-9:30pm, Fri-Sat: 9:30am-10:00pm",,N,"Thursday, May 17, 2012",
10,1112,1407 W Chapman Ave,NULL,Orange,CA,92868,33.788166,-117.86773,714-937-1460,"Sun: 10:00am-8:00pm, Mon-Thu: 9:30am-9:30pm, Fri-Sat: 9:30am-10:00pm",,N,"Thursday, May 26, 2011",
10,1113,15611 Sea Turtle Dr.,Pier Park,Panama City Beach,FL,32407,30.223376,-85.873047,850-233-0838,"Sun: 10:00am-8:00pm, Mon-Thu: 9:00am-9:30pm, Fri-Sat: 9:00am-10:00pm",,N,"Thursday, October 27, 2011",
10,1114,10005 Almeda-Genoa Road,Almeda Crossing Shopping Center,Houston,TX,77075,29.62877,-95.23199,713-947-0885,"Sun: 11:00am-8:00pm, Mon-Thu: 9:30am-9:30pm, Fri-Sat: 9:30am-10:00pm",LAY,N,"Thursday, September 29, 2011",
10,1115,2205 Veterans Blvd.,Plaza Del Sol,Del Rio,TX,78840,29.392892,-100.9042,830-775-3134,"Sun: 11:00am-8:00pm, Mon-Sat: 9:30am-9:30pm",ACT,N,"Thursday, October 20, 2011",
10,1116,900 State St,Downtown-State Street,Santa Barbara,CA,93101,34.42105,-119.7005,805-965-2433,"Sun: 11:00am-8:00pm, Mon-Thu: 9:30am-9:30pm, Fri-Sat: 9:30am-10:00pm",,N,"Thursday, August 04, 2011",
10,1117,"5600 Buford Highway, Suite B",5600 Buford Highway Shops,Doraville,GA,30340,33.905257,-84.272562,770-986-4116,"Sun: 11:00am-9:00pm, Mon-Thu: 9:30am-9:30pm, Fri-Sat: 9:30am-10:00pm",LAY,N,"Thursday, March 31, 2011",
10,1119,2010 Gwynn Falls Parkway,Mondawmin Mall,Baltimore,MD,21216,39.31646,-76.65298,410- 728-2313,"Sun: 11:00am-8:00pm, Mon-Thu: 9:30am-9:30pm, Fri-Sat: 9:30am-10:00pm",ACT,N,"Thursday, March 17, 2011",
10,1120,8-12 Franklin Street,Franklin Square Shopping Center,Bloomfield,NJ,07003,40.78491,-74.18342,973-566-6553,"Sun: 11:00am-8:00pm, Mon-Thu: 9:30am-9:30pm, Fri-Sat: 9:30am-10:00pm",LAY,N,"Thursday, March 31, 2011",
10,1121,2501 Grand Concourse,NULL,Bronx,NY,10468,40.8625,-73.8972,718-220-5407,"Sun: 11:00am-8:00pm, Mon-Thu: 9:30am-9:30pm, Fri-Sat: 9:30am-10:00pm",LAY,N,"Thursday, April 14, 2011",
10,1122,1422 West 47th Street,Bishop Plaza,Chicago (Bishop),IL,60609,41.808978,-87.660676,773- 254-4083 ,"Sun: 11:00am-8:00pm, Mon-Sat: 9:30am-9:30pm",DEL$LAY,N,"Thursday, March 17, 2011",
10,1125,200 Border Street,Liberty Plaza,East Boston,MA,02128,42.375014,-71.040243,617-567-8345,"Sun: 11:00am-8:00pm, Mon-Thu: 9:30am-9:30pm, Fri-Sat: 9:30am-10:00pm",LAY,N,"Thursday, March 31, 2011",
10,1126,785 South 25th Street,Palmer Town Center,Easton,PA,18045,40.67906,-75.24698,484- 373-0210,"Sun: 11:00am-8:00pm, Mon-Thu: 9:30am-9:30pm, Fri-Sat: 9:30am-10:00pm",LAY,N,"Thursday, March 17, 2011",
10,1131,1500 North Larkin Avenue,North Ridge Plaza,Joliet,IL,60425,41.550936,-88.124652,815-730-7905,"Sun: 11:00am-8:00pm, Mon-Thu: 9:30am-9:30pm, Fri-Sat: 9:30am-10:00pm",LAY,N,"Thursday, March 31, 2011",
10,1132,14964 Duval Rd #200,Parkway Shops,Jacksonville,FL,32218,30.48395,-81.6395,904-751-1183,"Sun: 10:00am-8:00pm, Mon-Thu: 9:00am-9:30pm, Fri-Sat: 9:00am-10:00pm",,N,"Thursday, April 11, 2013",
10,1134,"4200 S. East Street, Unit 32 ",Southern Plaza,Indianapolis,IN,46227,39.70127,-86.15125,317- 784-7077,"Sun: 11:00am-8:00pm, Mon-Thu: 9:30am-9:30pm, Fri-Sat: 9:30am-10:00pm",LAY,N,"Thursday, March 31, 2011",
10,1135,5149 Normandy Blvd,Normandy Village,Jacksonville,FL,32205,30.3092,-81.73403,904-786-1395,"Sun: 10:00am-8:00pm, Mon-Thu: 9:30am-9:30pm, Fri-Sat: 9:30am-9:30pm",LAY,N,"Thursday, March 17, 2011",
10,1136,6197 Livingston Road,Oxon Hill Plaza,Oxon Hill,MD,20745,38.80294,-76.98978,301-749-5602,"Sun: 11:00am-8:00pm, Mon-Thu: 9:30am-9:30pm, Fri-Sat: 9:30am-10:00pm",LAY,N,"Thursday, March 31, 2011",
10,1138,7660 Polo Grounds Blvd,Centennial Commons,Memphis,TN,38125,35.05168,-89.807798,901-754-0784,"Sun: 11:00am-8:00pm, Mon-Thu: 9:30am-9:30pm, Fri-Sat: 9:30am-10:00pm",,N,"Thursday, October 30, 2014",
10,1140,76 East Main Street,New Brite Plaza,New Britain,CT,06051,41.670949,-72.777511,860- 224-7738,"Sun: 11:00am-8:00pm, Mon-Thu: 9:30am-9:30pm, Fri-Sat: 9:30am-10:00pm",LAY,N,"Thursday, March 17, 2011",
10,1141,1855 East Little Creek Road,Wedgewood Plaza,Norfolk,VA,23518,36.91764,-76.2289,757-587-5035,"Sun: 11:00am-8:00pm, Mon-Thu: 9:30am-9:30pm, Fri-Sat: 9:30am-10:00pm",LAY,N,"Thursday, April 07, 2011",
10,1142,3557 South 27th St,Loomis Center,Milwaukee,WI,53221,42.98075,-87.94853,414-384-7143,"Sun: 11:00am-8:00pm, Mon-Thu: 9:30am-9:30pm, Fri-Sat: 9:30am-10:00pm",LAY,N,"Thursday, March 31, 2011",
10,1143,"301 Main St, Ste 214",NULL,Paterson,NJ,07505,40.915004,-74.172877,973-742-0680,"Sun: 11:00am-7:00pm, Mon-Thu 10:00am-9:30pm, Fri-Sat 10:00am-10:00pm",LAY,N,"Thursday, March 17, 2011",
10,1144,700 East Hunting Park Avenue,Hunting Park Plaza,Philadelphia,PA,19124,40.011882,-75.112315,215-533-9085,"Sun: 11:00am-7:00pm, Mon-Thu: 9:00am-9:00pm, Fri-Sat: 9:00am-9:30pm",ACT,N,"Thursday, March 31, 2011",
10,1146,4020 Meadowdale Blvd.,Meadowdale Plaza,Richmond,VA,23234,37.437786,-77.467817,804-275-9452,"Sun: 11:00am-8:00pm, Mon-Thu: 9:30am-9:30pm, Fri-Sat: 9:30am-10:00pm",LAY,N,"Thursday, April 07, 2011",
10,1147,300-350 Martin Luther King Blvd.,Washington Park Mall,Roxbury,MA,02119,42.319572,-71.08198,617-427-0107,"Sun: 11:00am-7:00pm, Mon-Sat: 9:00am-8:00pm",ACT,N,"Thursday, March 31, 2011",
10,1148,1520 N Olden Ave,Capital Plaza,Ewing,NJ,08638,40.24158,-74.75429,609-392-3652,"Sun: 10:00am-8:00pm, Mon-Thu: 9:30am-9:30pm, Fri-Sat: 9:30am-10:00pm",LAY,N,"Thursday, April 07, 2011",
10,1149,"28390 DeQuindre Road, Suite 600",Universal Mall,Warren,MI,48092,42.5041,-83.08409,586-576-5527,"Sun: 11:00am-8:00pm, Mon-Thu: 9:30am-9:30pm, Fri-Sat: 9:30am-10:00pm",LAY,N,"Thursday, April 07, 2011",
10,1150,1501 N Lewis Ave.,Waukegan Plaza,Waukegan,IL,60085,42.37889,-87.85529,847-244-2265,"Sun: 11:00am-8:00pm, Mon-Thu: 9:30am-9:30pm, Fri-Sat: 9:30am-10:00pm",LAY,N,"Thursday, March 31, 2011",
10,1151,68 Stafford Street,Webster Square Plaza,Worcester,MA,01603,42.24153,-71.84268,508-753-4089,"Sun: 11:00am-8:00pm, Mon-Thu: 9:30am-9:30pm, Fri-Sat: 9:30am-10:00pm",ACT,N,"Thursday, March 17, 2011",
10,1152,750 Central Park Avenue,Mall at Cross County,Yonkers,NY,10704,40.92789,-73.85706,914-968-0227 ,"Sun: 10:00am-8:00pm, Mon-Thu: 9:30am-9:30pm, Fri-Sat: 9:30am-10:00pm",LAY,N,"Thursday, March 24, 2011",
10,1153,2340 Foothill Blvd,La Verne Towne Center,La Verne,CA,91750,34.110612,-117.7602,909-593-9196,"Sun: 10:00am-8:00pm, Mon-Thu: 9:30am-9:30pm, Fri-Sat: 9:30am-10:00pm",,N,"Thursday, October 13, 2011",
10,1154,"24 Calef Hwy, Suite 116",Brickyard Square,Epping,NH,03042,43.024793,-71.0768,603-679-3248,"Sun: 10:00am-8:00pm, Mon-Thu: 9:00am-9:30pm, Fri-Sat: 9:00am-10:00pm",,N,"Thursday, March 29, 2012",
10,1155,13730 N. Penn,Memorial Square Shopping Center,Oklahoma City,OK,73134,35.609995,-97.54889,405-752-4222,"Sun: 11:00am-8:00pm, Mon-Thu: 9:30am-9:30pm, Fri-Sat: 9:30am-10:00pm",,N,"Thursday, November 17, 2011",
10,1156,340 N. Station Parkway,NULL,Farmington,UT,84025,40.988346,-111.9054,801-451-4976,"Sun: 11:00am-8:00pm, Mon-Thu: 9:30am-9:30pm, Fri-Sat: 9:30am-10:00pm",,N,"Thursday, August 25, 2011",
10,1157,4001 Sunset Dr Ste 1300,Sunset Mall,San Angelo,TX,76904,31.42546,-100.4967,325-223-2005,"Sun: 12:00am-6:00pm, Mon-Sat: 10:00am-9:00pm",,N,"Thursday, November 10, 2011",
10,1158,7201 Camino Arroyo,Pacheco Pass Center,Gilroy,CA,95020,37.006262,-121.554,408-846-5713,"Sun: 11:00am-8:00pm, Mon-Thu: 9:30am-9:30pm, Fri-Sat: 9:30am-10:00pm",,N,"Thursday, November 03, 2011",
10,1159,840 West Paradise Drive,NULL,West Bend,WI,53095,43.399732,-88.18773,262-334-5692,"Sun: 11:00am-8:00pm, Mon-Thu: 9:30am-9:30pm, Fri-Sat: 9:30am-10:00pm",,N,"Thursday, November 10, 2011",
10,1160,4750 N Division St Ste 1017,Northtown Mall,Spokane,WA,99207,47.701965,-117.4081,509-482-4520,"Sun: 10:00am-7:00pm, Mon-Sat: 9:30am-9:30pm",,N,"Thursday, March 08, 2012",
10,1161,177 Route 206 S,Chester Springs Shopping Center,Chester,NJ,07930,40.780092,-74.695642,908-879-5040,"Sun: 11:00am-8:00pm, Mon-Thu: 9:30am-9:30pm, Fri-Sat: 9:30am-10:00pm",,N,"Thursday, August 11, 2011",
10,1162,3922 Meridian Street,Meridian Village Shopping Center,Bellingham,WA,98226,48.785105,-122.485,360-527-0918,"Sun: 10:00am-8:00pm, Mon-Sat: 9:00am-9:30pm",,N,"Thursday, November 17, 2011",
10,1163,4197 W Commercial Blvd.,Sunshine Plaza,Tamarac,FL,33319,26.187333,-80.20435,954-484-8575,"Sun: 11:00am-8:00pm, Mon-Thu: 9:30am-9:30pm, Fri-Sat: 9:30am-10:00pm",,N,"Thursday, May 03, 2012",
10,1164,"16105 Chenal Pky, Suite C",Kroger Marketplace Ctr,Little Rock,AR,72223,34.756935,-92.446679,501-821-8006,"Sun: 11:00am-8:00pm, Mon-Thu: 9:30am-9:30pm, Fri-Sat: 9:30am-10:00pm",ACT,N,"Thursday, April 12, 2012",
10,1165,2357 Myers St Suite D,NULL,Oroville,CA,95966,39.506488,-121.549967,530-533-3892,"Sun: 11:00am-8:00pm, Mon-Sat: 9:30am-9:30pm",,N,"Thursday, May 10, 2012",
10,1166,1351 W Henderson Ave.,Porterville Market Place,Porterville,CA,93257,36.079023,-119.0461,559-788-0137,"Sun: 11:00am-8:00pm, Mon-Thu: 9:30am-9:30pm, Fri-Sat: 9:30am-10:00pm",LAY,N,"Thursday, March 15, 2012",
10,1167,10837 Olson Dr.,Rancho Cordova Town Center,Rancho Cordova,CA,95670,38.59527,-121.286897,916-852-8147,"Sun: 11:00am-8:00pm, Mon-Thu: 9:30am-9:30pm, Fri-Sat: 9:30am-10:00pm",,N,"Thursday, August 02, 2012",
10,1168,132 E Winchester St.,NULL,Murray,UT,84107,40.632693,-111.887949,801-268-2989,"Sun: 11:00am-8:00pm, Mon-Thu: 9:30am-9:30pm, Fri-Sat: 9:30am-10:00pm",,N,"Thursday, May 17, 2012",
10,1169,4667 N University Dr.,Pine Ridge Plaza,Coral Springs,FL,33067,26.287965,-80.248911,954-340-1745,"Sun: 11:00am-8:00pm, Mon-Thu: 9:30am-9:30pm, Fri-Sat: 9:30am-10:00pm",,N,"Thursday, August 16, 2012",
10,1170,150 Sayebrook Pkwy,Sayebrook Town Center,Myrtle Beach,SC,29588,33.653594,-78.98287,843-293-4190,"Sun: 9:00am-9:00pm, Mon-Thu: 9:00am-9:30pm, Fri-Sat: 9:00am-10:00pm",ACT,N,"Thursday, August 02, 2012",
10,1171,1596 Anderson Rd.,Bear Creek Plaza,Petoskey,MI,49770,45.34865,-84.9713,231-487-0668,"Sun: 11:00am-8:00pm, Mon-Thu: 9:30am-9:30pm, Fri-Sat: 9:30am-10:00pm",,N,"Thursday, August 23, 2012",
10,1172,9558 S Mason Montgomery Rd.,Governors Pointe,Mason,OH,45040,39.299188,-84.313218,513-339-0325,"Sun: 11:00am-8:00pm, Mon-Thu: 9:30am-9:30pm, Fri-Sat: 9:30am-10:00pm",,N,"Thursday, October 18, 2012",
10,1173,1771 S Alameda,Gateway Towne Center,Compton,CA,90220,33.876022,-118.218518,(310) 639-0014,"Sun: 11:00am-8:00pm, Mon-Thu: 9:30am-9:30pm, Fri-Sat: 9:30am-10:00pm",,N,"Thursday, May 15, 2014",
10,1174,2748 Renaissance Dr,Renaissance Square,Fort Worth,TX,76105,32.711991,-97.286989,817-536-0902,"Sun: 11:00am-8:00pm, Mon-Thu: 9:30am-9:30pm, Fri-Sat: 9:30am-10:00pm",,N,"Thursday, August 15, 2013",
10,1175,6900 Hamilton Blvd.,Trexler Mall,Trexlertown,PA,18087,40.550412,-75.593166,610-481-9078,"Sun: 11:00am-8:00pm, Mon-Thu: 9:30am-9:30pm, Fri-Sat: 9:30am-10:00pm",,N,"Thursday, August 02, 2012",
10,1176,1044 Market Street,NULL,Philadelphia,PA,19107,39.951279,-75.157764,215-922-4912,"Sun: 11:00am-8:00pm, Mon-Thu: 9:30am-9:30pm, Fri-Sat: 9:30am-10:00pm",ACT,N,"Thursday, October 18, 2012",
10,1177,99 Massillon Marketplace,Massillon Marketplace,Massillon,OH,44646,40.764076,-81.522755,330-833-2428,"Sun: 11:00am-8:00pm, Mon-Thu: 9:30am-9:30pm, Fri-Sat: 9:30am-10:00pm",,N,"Thursday, October 25, 2012",
10,1178,3785 Las Vegas Blvd , Showcase Mall ,Las Vegas,NV,89109,36.103403,-115.172164,702-795-1051,"Sun: 10:00am-10:00pm, Mon-Sat: 9:00am-11:00pm",DEL,N,"Thursday, October 24, 2013",
10,1179, 14391 W Colfax Ave , Denver West Village ,Golden (Lakewood),CO,80401,39.737317,-105.160387,303-278-8889,"Sun: 11:00am-8:00pm, Mon-Thu: 9:30am-9:30pm, Fri-Sat: 9:30am-10:00pm",ACT,N,"Thursday, March 14, 2013",
10,1180,701 North H Street,Lompoc Shopping Center,Lompoc,CA,93436,34.64903,-120.459359,805-742-0509,"Sun: 11:00am-8:00pm, Mon-Thu: 9:30am-9:30pm, Fri-Sat: 9:30am-10:00pm",,N,"Thursday, September 06, 2012",
10,1181,7224 Cortez Road,Shoppes of Paradise Bay,Bradenton,FL,34210,27.463534,-82.635358,941-761-1972,"Sun: 11:00am-8:00pm, Mon-Thu: 9:30am-9:30pm, Fri-Sat: 9:30am-10:00pm",,N,"Thursday, August 02, 2012",
10,1182,2441 N Maize Rd Ste 401,New Market Square,Wichita,KS,67205,37.723966,-97.463835,316-722-2350,"Sun: 11:00am-8:00pm, Mon-Thu: 9:30am-9:30pm, Fri-Sat: 9:30am-10:00pm",,N,"Thursday, September 20, 2012",
10,1183,9653 Colerain Ave,Northgate Mall,Cincinnati (Colerain),OH,45251,39.243798,-84.599792,513-385-0016,"Sun: 11:00am-8:00pm, Mon-Thu: 9:30am-9:30pm, Fri-Sat: 9:30am-10:00pm",ACT,N,"Thursday, May 02, 2013",
10,1184,"PR #167, KM 18.8",Rexville Plaza,Bayamon,PR,00956,18.366037,-66.188962,787-395-7968,"Sun: 11:00am-8:00pm, Mon-Thu: 9:00am-9:30pm, Fri-Sat: 9:00am-10:00pm",ACT,N,"Thursday, August 02, 2012",
10,1185,Carr# 2 Int PR459,Plaza Ferram,Aguadilla,PR,00603,18.443042,-67.143614,787-931-7362,"Sun: 11:00am-7:00pm, Mon-Sat 9:00am-9:00pm",ACT,N,"Thursday, November 01, 2012",
10,1186,4601 Pt Fosdick Dr NW,Uptown Gig Harbor,Gig Harbor,WA,98335,47.300393,-122.578742,253-853-3093,"Sun: 10:00am-8:00pm, Mon-Sat: 9:30am-9:30pm",ACT,N,"Thursday, September 06, 2012",
10,1188,515 S MacDade Blvd,MacDade Mall,Glenolden (Holmes),PA,19043,39.899351,-75.302607,610-237-0250,"Sun: 9:30am-8:00pm, Mon-Thu: 9:30am-9:30pm, Fri-Sat: 9:30am-10:00pm",,N,"Thursday, August 08, 2013",
10,1189,1623 Avenue Y,NULL,Brooklyn,NY,11235,40.590414,-73.953148,718-934-4570,"Sun: 11:00am-8:00pm, Mon-Thu: 9:30am-9:30pm, Fri-Sat: 9:30am-10:00pm",DEL,N,"Thursday, August 23, 2012",
10,1190,126 Brookline Ave.,NULL,Boston,MA,02215,42.345284,-71.100008,617-369-5080,"Sun: 10:00am-7:00pm, Mon-Thu: 9:00am-9:00pm, Fri-Sat: 9:00am-9:30pm",ACT,N,"Thursday, October 18, 2012",
10,1191,2060 W Cleveland Ste 100,Commons at Madera Fair,Madera,CA,93637,36.973684,-120.0771,559-662-1503,"Sun: 11:00am-8:00pm, Mon-Thu: 9:30am-9:30pm, Fri-Sat: 9:30am-10:00pm",ACT,N,"Thursday, August 02, 2012",
10,1192,1650 Airport Blvd Ste 300,Cordova Commons,Pensacola,FL,32504,30.481003,-87.207526,850-478-7407,"Sun: 10:00am-8:00pm, Mon-Thu: 9:30am-9:30pm, Fri-Sat: 9:30am-10:00pm",,N,NULL,
10,1193,130 E Yorba Linda Blvd.,Placentia Town Center,Placentia,CA,92870,33.886482,-117.864758,714-996-0932,"Sun: 10:00am-8:00pm, Mon-Thu: 9:30am-9:30pm, Fri-Sat: 9:30am-10:00pm",,N,"Thursday, October 18, 2012",
10,1194,320 E Hanes Mill Rd,Oak Summit SC,Winston-Salem,NC,27105,36.190378,-80.272801,336-377-9556,"Sun: 11:00am-8:00pm, Mon-Thu: 9:30am-9:30pm, Fri-Sat: 9:30am-10:00pm",,N,"Thursday, October 18, 2012",
10,1195,202 S Promenade,Scottsdale Center,Rogers,AR,72756,36.332986,-94.177635,479-936-8758,"Sun: 11:00am-8:00pm, Mon-Thu: 9:30am-9:30pm, Fri-Sat: 9:30am-10:00pm",ACT$HOM,N,"Thursday, March 07, 2013",
10,1196,119 Rolling Hills Cir,Easley Town Center,Easley,SC,29640,34.829758,-82.546574,864-855-0533,"Sun: 11:00am-8:00pm, Mon-Thu: 9:30am-9:30pm, Fri-Sat: 9:30am-10:00pm",,N,"Thursday, March 07, 2013",
10,1197,Flamingo Plaza,901 East 10th Ave,Hialeah,FL,33010,25.831704,-80.260685,305-885-5315,"Sun: 11:00am-8:00pm, Mon-Thu: 9:30am-9:30pm, Fri-Sat: 9:30am-10:00pm",,N,"Thursday, September 26, 2013",
10,1198,5975 S Goldenrod Rd,Goldenrod Marketplace,Orlando,FL,32822,28.477787,-81.287663,407-482-0922,"Sun: 11:00am-8:00pm, Mon-Thu: 9:30am-9:30pm, Fri-Sat: 9:30am-10:00pm",,N,NULL,
10,1199,11 Cornerstone Square,NULL,Westford,MA,01886,42.56619,-71.427193,978-692-3017,"Sun: 9:00am-8:00pm, Mon-Thu: 9:00am-9:30pm, Fri-Sat: 9:00am-9:30pm",ACT$HOM,N,"Thursday, March 21, 2013",
10,1200,600 E Pratt St,Lockwood Plaza,Baltimore,MD,21202,39.287139,-76.607755,410-685-3983,"Sun: 11:00am-8:00pm, Mon-Thu: 9:30am-9:30pm, Fri-Sat: 9:30am-10:00pm",,N,"Thursday, March 21, 2013",
10,1201,Roseburg Valley Mall ,1440 NW Garden Valley Bld,Roseburg,OR,97471,43.233493,-123.373519,541-673-5112,"Sun: 10:00am-8:00pm, Mon-Thu: 9:30am-9:30pm, Fri-Sat: 9:00am-10:00pm",ACT,N,"Thursday, August 29, 2013",
10,1202,13120 US Hwy 301 Ste 101.  ,Summerfield Crossings ,Riverview,FL,33578,27.795062,-82.331964,813-677-3112,"Sun: 11:00am-8:00pm, Mon-Thu: 9:30am-9:30pm, Fri-Sat: 9:30am-10:00pm",,N,"Thursday, May 09, 2013",
10,1203,1791 Oconee Conn B320,Epps Bridge Center,Athens,GA,30606,33.915662,-83.449016,706-353-8147,"Sun: 11:00am-9:00pm, Mon-Thu: 9:30am-9:30pm, Fri-Sat: 9:30am-10:00pm",,N,"Thursday, August 29, 2013",
10,1204,"4101 E Wilder Road, Suite F625 ",Bay City Mall ,Bay City,MI,48706,43.626489,-83.89155,989-686-3280,"Sun: 11:00am-8:00pm, Mon-Thu: 9:30am-9:30pm, Fri-Sat: 9:30am-10:00pm",ACT,N,"Wednesday, October 30, 2013",
10,1206,1418 E Dixie Dr,Village Marketplace,Asheboro,NC,27203,35.699231,-79.783802,336-636-5211,"Sun: 11:00am-8:00pm, Mon-Thu: 9:30am-9:30pm, Fri-Sat: 9:30am-10:00pm",,N,"Thursday, October 03, 2013",
10,1207, 6385 Old National Hwy  , Old National Marketplace ,College Park,GA,30349,33.581381,-84.470762,770-996-4028,"Sun: 11:00am-9:00pm, Mon-Thu: 9:30am-9:30pm, Fri-Sat: 9:30am-10:00pm",LAY,N,"Thursday, May 30, 2013",
10,1209, 204 S Rockwood Dr, Rockwood Plaza ,Cabot,AR,72023,34.978134,-92.039494,501-941-3843,"Sun: 11:00am-8:00pm, Mon-Thu: 9:30am-9:30pm, Fri-Sat: 9:30am-10:00pm",,N,"Wednesday, October 30, 2013",
10,1210,1111 E Army Post Rd Ste 60,Southridge Mall,Des Moines,IA,50315,41.525518,-93.597941,515-285-0333,"Sun: 11:00am-8:00pm, Mon-Thu: 9:30am-9:30pm, Fri-Sat: 9:30am-10:00pm",,N,NULL,
10,1211,Jefferson Pointe Shopping Center,4030 W Jefferson Blvd,Fort Wayne,IN,46804,41.073757,-85.20275,260-434-0820,"Sun: 11:00am-8:00pm, Mon-Thu: 9:30am-9:30pm, Fri-Sat: 9:30am-10:00pm",ACT,N,"Thursday, October 03, 2013",
10,1212,6834 Wesley St ,Greenville Promenade,Greenville,TX,75401,33.101879,-96.110733,903-454-8181,"Sun: 11:00am-8:00pm, Mon-Thu: 9:30am-9:30pm, Fri-Sat: 9:30am-10:00pm",,N,"Thursday, November 12, 2015",
10,1213,120 Grand Hill Pl,Holly Springs Towne Center,Holly Springs,NC,27540,35.660156,-78.849913,919-577-0692,"Sun: 11:00am-8:00pm, Mon-Thu: 9:30am-9:30pm, Fri-Sat: 9:30am-10:00pm",,N,"Thursday, April 25, 2013",
10,1214,1460 10th Way NE ,Grand Ridge Plaza  ,Issaquah,WA,98029,47.54106498,-122.0167086,425-392-2710,"Sun: 10:00am-8:00pm, Mon-Sat: 9:30am-9:30pm",ACT$HOM,N,"Thursday, October 24, 2013",
10,1215,"1000 Westloop Place, Suite 110",Westloop Shopping Center ,Manhattan,KS,66502,39.190688,-96.610806,785-587-8224,"Sun: 11:00am-8:00pm, Mon-Thu: 9:30am-9:30pm, Fri-Sat: 9:30am-10:00pm",ACT,N,"Thursday, September 26, 2013",
10,1216, 5201 West War Memorial Dr , The Shoppes at Grand Prairie ,Peoria,IL,61615,40.777796,-89.674956,309-691-7268,"Sun: 11:00am-8:00pm, Mon-Thu: 9:30am-9:30pm, Fri-Sat: 9:30am-10:00pm",ACT,N,"Thursday, October 24, 2013",
10,1217,2921 Queensgate Dr,Vinter Square,Richland,WA,99352,46.258199,-119.311081,509-627-2850,"Sun: 10:00am-8:00pm, Mon-Sat: 9:30am-9:30pm",,N,"Thursday, October 23, 2014",
10,1218,4501 N Main St - 22C,Roswell Mall ,Roswell,NM,88201,33.450691,-104.521284,575-622-9638,"Sun: 10:00am-7:00pm, Mon-Thu: 9:30am-9:30pm, Fri-Sat: 9:30am-10:00pm",,N,"Thursday, September 19, 2013",
10,1219," 2450 S 9th St, S2002-B ", Mid State Plaza ,Salina,KS,67401,38.797419,-97.614048,785-825-1178,"Sun: 11:00am-8:00pm, Mon-Thu: 9:30am-9:30pm, Fri-Sat: 9:30am-10:00pm",,N,"Wednesday, October 30, 2013",
10,1220,419 E First St,Santa Ana Downtown Plaza,Santa Ana,CA,92701,33.745746,-117.865206,714-664-8817,"Sun: 10:00am-8:00pm, Mon-Thu: 9:30am-9:30pm, Fri-Sat: 9:30am-10:00pm",,N,"Thursday, August 22, 2013",
10,1221, Carr Est 30 Int Carr Est 31 , Plaza Juncos ,Juncos,PR,00777,18.230391,-65.906275,787-561-4066,"Sun: 11:00am-8:00pm, Mon-Thu: 9:00am-9:30pm, Fri-Sat: 9:00am-10:00pm",,N,"Thursday, November 07, 2013",
10,1222,100 South Brand Blvd,Glendale Marketplace ,Glendale,CA,91205,34.145666,-118.254092,818-956-7182,"Sun: 10:00am-8:00pm, Mon-Thu: 9:30am-9:30pm, Fri-Sat: 9:30am-10:00pm",,N,"Thursday, October 03, 2013",
10,1223, 550 South Gear Ave Ste 4260 , Westland Mall ,West Burlington,IA,52655,40.817746,-91.169327,319-752-7037,"Sun: 11:00am-8:00pm, Mon-Thu: 9:30am-9:30pm, Fri-Sat: 9:30am-10:00pm",,N,"Sunday, October 27, 2013",
10,1224, 400 Mill Ave , New Towne Mall ,New Philadelphia,OH,44663,40.480472,-81.44048,330-308-5320,"Sun: 11:00am-8:00pm, Mon-Thu: 9:30am-9:30pm, Fri-Sat: 9:30am-10:00pm",ACT,N,"Wednesday, October 30, 2013",
10,1225, 601 Newport ,Blackmore Market Place,Casper,WY,82609,42.84587,-106.2499,307-232-9696,"Sun: 11:00am-8:00pm, Mon-Thu: 9:30am-9:30pm, Fri-Sat: 9:30am-10:00pm",ACT,N,"Thursday, October 24, 2013",
10,1226," 529 14th St, NW ", National Press Bldg ,Washington,DC,20045,38.896998,-77.03147,202-637-9890,"Sun: 11:00am-8:00pm, Mon-Thu: 9:30am-9:30pm, Fri-Sat: 9:30am-10:00pm",DEL,N,"Wednesday, October 30, 2013",
10,1227, 5583 Grove Blvd ,The Grove ,Hoover,AL,35226,33.360564,-86.853344,205-989-1378,"Sun: 11:00am-8:00pm, Mon-Thu: 9:30am-9:30pm, Fri-Sat: 9:30am-10:00pm",,N,"Thursday, November 14, 2013",
10,1228,1966 Charlotte's Way,Phoenix Center II,Washington,MO,63090,38.535114,-90.976684,636-239-8059,"Sun: 10:00am-8:00pm, Mon-Thu: 9:30am-9:30pm, Fri-Sat: 9:30am-10:00pm",,N,"Thursday, September 05, 2013",
10,1229, 174 Passaic St ,NULL,Garfield,NJ,07026,40.867266,-74.10208,973 -249-6162,"Sun: Closed, Mon-Thu 9:30am-9:30pm, Fri-Sat 9:30am-10:00pm",,N,"Thursday, October 17, 2013",
10,1230, 2001-53 E Dixon Blvd , Cleveland Mall ,Shelby,NC,28152,35.269596,-81.483249,704-480-5933,"Sun: 11:00am-8:00pm, Mon-Thu: 9:30am-9:30pm, Fri-Sat: 9:30am-10:00pm",,N,"Thursday, October 24, 2013",
10,1231, 240 Commonwealth Blvd , Liberty Fair Mall ,Martinsville,VA,24112,36.697877,-79.876236,276-666-1032,"Sun: 11:00am-8:00pm, Mon-Thu: 9:30am-9:30pm, Fri-Sat: 9:30am-10:00pm",,N,"Thursday, October 24, 2013",Now Open!<br>
10,1232,4729 East Ray Rd  ,Ahwatukee Foothills Towne Center ,Phoenix,AZ,85044,33.318791,-111.9812,480-592-0131,"Sun: 11:00am-8:00pm, Mon-Thu: 9:30am-9:30pm, Fri-Sat: 9:30am-10:00pm",,N,"Thursday, October 17, 2013",Now Open!<br>
10,1233,6549 Riverside Dr,Market Place at El Paseo,Fresno,CA,93722,36.83524,-119.911666,559-277-3211,"Sun: 11:00am-8:00pm, Mon-Thu: 9:30am-9:30pm, Fri-Sat: 9:30am-10:00pm",LAY,N,"Thursday, March 20, 2014",
10,1234,2933 Crescent Dr,Wilderness Hills,Lincoln,NE,68516,40.725301,-96.681373,402-420-1659,"Sun: 11:00am-8:00pm, Mon-Thu: 9:30am-9:30pm, Fri-Sat: 9:30am-10:00pm",ACT$HOM,N,"Thursday, May 01, 2014",
10,1235,19185 West Rd,Woodhaven Commons,Woodhaven,MI,48183,42.136967,-83.222407,734-675-0064,"Sun: 11:00am-8:00pm, Mon-Thu: 9:30am-9:30pm, Fri-Sat: 9:30am-10:00pm",ACT,N,"Thursday, March 06, 2014",
10,1236,300 Soscol Ave, Napa Crossings South ,Napa,CA,94559,38.28636,-122.273802,707-252-3179,"Sun: 11:00am-8:00pm, Mon-Thu: 9:30am-9:30pm, Fri-Sat: 9:30am-10:00pm",ACT$HOM,N,"Thursday, May 15, 2014",
10,1238,700 N China Lake Blvd S-A,Ridgecrest Town Center,Ridgecrest,CA,93555,35.634764,-117.668467,(760) 371-3528,"Sun: 11:00am-8:00pm, Mon-Thu: 9:30am-9:30pm, Fri-Sat: 9:30am-10:00pm",,N,"Thursday, May 15, 2014",
10,1240,4669 Firestone Blvd,Azalea Regional SC,South Gate,CA,90280,33.954832,-118.186839,323-567-0012,"Sun: 10:00am-8:00pm, Mon-Thu: 9:30am-9:30pm, Fri-Sat: 9:30am-10:00pm",,N,"Thursday, April 10, 2014",
10,1241,2000 14th Ave SE Ste 101 ,Heritage Plaza,Albany,OR,97322,44.627632,-123.078436,541-928-7109,"Sun: 11:00am-8:00pm, Mon-Thu: 9:30am-9:30pm, Fri-Sat: 9:00am-10:00pm",,N,"Thursday, August 21, 2014",
10,1242,323 Valley Mall Pkwy ,Wenatchee Valley Mall ,East Wenatchee,WA,98802,47.409719,-120.288994,509-881-2145,"Sun: 10:00am-8:00pm, Mon-Sat: 9:30am-9:30pm",ACT,N,"Thursday, October 02, 2014",
10,1243,2182 Broadway,NULL,New York,NY,10024,40.782697,-73.980267,212-579-4101,"Sun: 11:00am-8:00pm, Mon-Thu: 9:00am-9:00pm, Fri-Sat: 9:30am-9:30pm",DEL,N,"Thursday, May 08, 2014",
10,1244,3635 Riverside Plaza Dr,Riverside Plaza,Riverside,CA,92506,33.955391,-117.391721,951-782-0048,"Sun: 11:00am-8:00pm, Mon-Thu: 9:30am-9:30pm, Fri-Sat: 9:30am-10:00pm",,N,"Thursday, May 15, 2014",
10,1245,5432 W High Market Dr B-D,Highbury Centre,West Valley City,UT,84120,40.712674,-112.023057,801-456-4762,"Sun: 11:00am-8:00pm, Mon-Thu: 9:30am-9:30pm, Fri-Sat: 9:30am-10:00pm",,N,"Thursday, May 15, 2014",
10,1246, 58711 Twentynine Palms Hwy ,NULL,Yucca Valley,CA,92284,34.131863,-116.384155,760-365-4362,"Sun: 10:00am-8:00pm, Mon-Thu: 9:30am-9:30pm, Fri-Sat: 9:30am-10:00pm",,N,"Thursday, October 02, 2014",
10,1247,2515 Mountain City Hwy,NULL,Elko,NV,89801,40.837486,-115.792966,775-753-7921,"Sun: 11:00am-8:00pm, Mon-Thu: 9:30am-9:30pm, Fri-Sat: 9:30am-10:00pm",ACT,N,"Thursday, September 25, 2014",
10,1248,3720 E Highway 377 ,Luton Ranch West ,Granbury,TX,76049,32.458843,-97.726341,817-573-0004,"Sun: 11:00am-8:00pm, Mon-Thu: 9:30am-9:30pm, Fri-Sat: 9:30am-10:00pm",,N,"Thursday, April 23, 2015",
10,1250,1429 7th St East,Union Crossings,Monticello,MN,55362,45.29399,-93.773949,763-295-0069,"Sun: 11:00am-8:00pm, Mon-Thu: 9:30am-9:30pm, Fri-Sat: 9:30am-10:00pm",ACT,N,"Thursday, May 15, 2014",
10,1252, 5652 Cottle Rd ,Village Oaks,San Jose,CA,95123,37.246675,-121.803122,408-578-8534,"Sun: 11:00am-8:00pm, Mon-Thu: 9:30am-9:30pm, Fri-Sat: 9:30am-10:00pm",ACT,N,"Thursday, August 21, 2014",
10,1253,1500 13th Ave E,Westgate Commons,West Fargo,ND,58078,46.862808,-96.873242,701-281-1720,"Sun: 12:00pm-8:00pm, Mon-Thu: 9:30am-9:30pm, Fri-Sat: 9:30am-10:00pm",ACT$HOM,N,"Thursday, May 01, 2014",NULL
10,1254,4200 Veterans Memorial Dr ,Towne Center at Batavia,Batavia,NY,14020,43.015677,-78.20401,(585) 343-0490,"Sun: 11:00am-8:00pm, Mon-Thu: 9:30am-9:30pm, Fri-Sat: 9:30am-10:00pm",ACT,N,"Thursday, August 21, 2014",
10,1255,118 Shawan Rd Ste W,Hunt Valley Towne Center,Cockeysville ,MD,21030,39.4983,-76.65553,410-771-1571,"Sun: 11:00am-8:00pm, Mon-Thu: 9:30am-9:30pm, Fri-Sat: 9:30am-10:00pm",ACT,N,"Thursday, May 22, 2014",
10,1256,21705 Village Lakes SC Dr,Village Lakes SC,Land O'Lakes,FL,34639,28.191878,-82.459043,(813) 949-9584,"Sun: 11:00am-8:00pm, Mon-Thu: 9:30am-9:30pm, Fri-Sat: 9:30am-10:00pm",,N,"Thursday, May 15, 2014",
10,1257,"120 Justice Way, Suite 170 ",Pikeville Commons ,Pikeville,KY,41501,37.504029,-82.536355,606-432-4285,"Sun: 11:00am-8:00pm, Mon-Thu: 9:30am-9:30pm, Fri-Sat: 9:30am-10:00pm",,N,"Thursday, October 30, 2014",
10,1258,237 W Alexander St,Lake Walden Square,Plant City,FL,33563,27.98814,-82.122938,(813) 752-1060,"Sun: 11:00am-8:00pm, Mon-Thu: 9:30am-9:30pm, Fri-Sat: 9:30am-10:00pm",,N,"Thursday, September 18, 2014",
10,1259,3000 Gateway St S-216 ,Gateway Mall,Springfield,OR,97477,44.070554,-123.046916,541-746-5169,"Sun: 11:00am-8:00pm, Mon-Thu: 9:30am-9:30pm, Fri-Sat: 9:00am-10:00pm",,N,"Thursday, November 05, 2015",
10,1260,1450 East Ave ,NULL,Bronx,NY,10462,40.836222,-73.85995,718-823-3801,"Sun: 11:00am-8:00pm, Mon-Thu: 9:30am-9:30pm, Fri-Sat: 9:30am-10:00pm",,N,"Thursday, October 23, 2014",
10,1261,1500 N Clinton Blvd S-24,Northtowne Mall ,Defiance,OH,43512,41.306041,-84.362526,419-782-2490,"Sun: 11:00am-7:00pm, Mon-Thu: 9:30am-9:30pm, Fri-Sat: 9:30am-10:00pm",,N,"Thursday, March 05, 2015",
10,1262,202 Thornton Dr ,The Crossings of Dickson ,Dickson,TN,37055,36.062426,-87.37744,615-740-9917,"Sun: 11:00am-8:00pm, Mon-Thu: 9:30am-9:30pm, Fri-Sat: 9:30am-10:00pm",,N,"Thursday, April 02, 2015",
10,1263,"455 S Bibb, Ste 114",Mall De Las Aguilas,Eagle Pass,TX,78852,28.7048,-100.483994,830-758-0155,"Sun: 12:00p-7:00pm, Mon-Sat: 10:00am-9:00pm",,N,"Thursday, October 16, 2014",
10,1265,7746 State Ave ,Wyandotte Plaza SC ,Kansas City,KS,66112,39.11782,-94.75994,913-299-8679,"Sun: 11:00am-8:00pm, Mon-Thu: 9:30am-9:30pm, Fri-Sat: 9:30am-10:00pm",,n,"Thursday, May 07, 2015",
10,1267,1222 US Route 22,Pohatcong Plaza,Phillipsburg,NJ,08865,40.677821,-75.149298,908-859-4602,"Sun: 10:00am-8:00pm, Mon-Sat: 9:00am-9:00pm",HOM,N,"Thursday, September 18, 2014",
10,1269,105 US Hwy 1,Tequesta Shoppes ,Tequesta,FL,33469,26.959864,-80.084046,561-747-4803,"Sun: 11:00am-8:00pm, Mon-Thu: 9:30am-9:30pm, Fri-Sat: 9:30am-10:00pm",HOM,N,"Thursday, October 16, 2014",
10,1270,University Hills SC,2730 S Colorado Blvd ,Denver,CO,80222,39.667513,-104.939715,303-753-3756,NULL,,Y,"Thursday, August 18, 2016","Grand Opening on August 18, 2016 from 8am to 10pm!"
10,1272,704 Route 73 S,Willow Ridge Plaza,Marlton,NJ,08053,39.868815,-74.920654,856-988-0310,"Sun: 11:00am-8:00pm, Mon-Thu: 9:30am-9:30pm, Fri-Sat: 9:30am-10:00pm",,N,"Thursday, March 26, 2015",
10,1273,275 South 29th St,NULL,Fort Dodge,IA,50501,42.504673,-94.15756,515-576-3402,"Sun: 11:00am-8:00pm, Mon-Thu: 9:30am-9:30pm, Fri-Sat: 9:30am-10:00pm",,N,"Thursday, October 30, 2014",
10,1274,1265 Main St.,NULL,Waltham,MA,02451,42.377455,-71.265054,781-736-7924,"Sun: 11:00am-8:00pm, Mon-Thu: 9:30am-9:30pm, Fri-Sat: 9:00am-10:00pm",,N,"Thursday, October 09, 2014",
10,1275,7013 Hollywood Blvd,Peterson Building,Los Angeles,CA,90028,34.101927,-118.342281,323-464-1471,"Sun: 10:00am-8:00pm, Mon-Thu: 9:30am-9:30pm, Fri-Sat: 9:30am-10:00pm",,N,"Wednesday, October 22, 2014",
10,1276, 5507 Hollywood Blvd SB , Hollywood/Western Bldg ,Los Angeles,CA,90028,34.102304,-118.309956,323-464-1183,"Sun: 10:00am-8:00pm, Mon-Thu: 9:30am-9:30pm, Fri-Sat: 9:30am-10:00pm",,N,"Thursday, November 13, 2014",
10,1277,5333 Wisconsin Ave NW ,Friendship Center  ,Washington,DC,20015,38.960339,-77.084622,202-237-1903,"Sun: 11:00am-8:00pm, Mon-Thu: 9:30am-9:30pm, Fri-Sat: 9:30am-10:00pm",DEL,N,"Thursday, November 06, 2014",
10,1278,731 Centerview Blvd ,The Crosslands ,Kissimmee,FL,34741,28.339806,-81.40601,407-932-2613,"Sun: 11:00am-8:00pm, Mon-Thu: 9:30am-9:30pm, Fri-Sat: 9:30am-10:00pm",HOM,N,"Thursday, November 13, 2014",
10,1279,5245 Monroe St,The Shops at Franklin Place,Toledo,OH,43623,41.69927,-83.64899,419-841-1773,"Sun: 11:00am-8:00pm, Mon-Thu: 9:30am-9:30pm, Fri-Sat: 9:30am-10:00pm",HOM,N,"Thursday, October 23, 2014",
10,1280,159 Parkway Dr ,Parkway Plaza,Ft Oglethorpe,GA,30742,34.937231,-85.217288,706-858-8121,"Sun: 11:00am-8:00pm, Mon-Thu: 9:30am-9:30pm, Fri-Sat: 9:30am-10:00pm",,N,"Thursday, March 26, 2015",
10,1281,454 Pinnacle Pky ,The Pinnacle SC ,Bristol,TN, 37620,36.590387,-82.266912,423-764-4055,"Sun: 11:00am-8:00pm, Mon-Thu: 9:30am-9:30pm, Fri-Sat: 9:30am-10:00pm",,N,"Thursday, March 12, 2015",
10,1282,3020 S Horner Blvd ,The Shops at Cameon Place,Sanford,NC,27332,35.452798,-79.138066,919-776-4002,"Sun: 11:00am-8:00pm, Mon-Thu: 9:30am-9:30pm, Fri-Sat: 9:30am-10:00pm",,N,"Thursday, March 12, 2015",
10,1283,3030 W Loop 289 Ste 100,West End,Lubbock,TX,79407,33.565044,-101.947679,806-780-6619,"Sun: 11:00am-8:00pm, Mon-Thu: 9:30am-9:30pm, Fri-Sat: 9:30am-10:00pm",DEL$HOM,N,"Thursday, April 23, 2015",
10,1284,68 Lunger Dr,Buckhorn Plaza,Bloomsburg,PA,17815,41.011676,-76.484734,570-784-2795,"Sun: 11:00am-8:00pm, Mon-Thu: 9:30am-9:30pm, Fri-Sat: 9:30am-10:00pm",,N,"Thursday, May 21, 2015",
10,1286,10984 N Port Washington Rd,Mequon Pavilion SC ,Mequon,WI, 53092,43.220105,-87.923116,262-240-0267,"Sun: 11:00am-8:00pm, Mon-Thu: 9:30am-9:30pm, Fri-Sat: 9:30am-10:00pm",,N,"Thursday, March 26, 2015",
10,1287,153 University Ave,University Station,Westwood,MA,02090,42.210312,-71.15159,781-326-6057,"Sun: 10:00am-8:00pm, Mon-Thu: 9:30am-9:30pm, Fri-Sat:9:00am-10:00pm",DEL$HOM,N,"Thursday, March 12, 2015",
10,1288,5755 Sunnybrook Dr,Sunnybrook Village ,Sioux City,IA,51106,42.452115,-96.33339,712-276-3446,"Sun: 11:00am-8:00pm, Mon-Thu: 9:30am-9:30pm, Fri-Sat: 9:30am-10:00pm",,N,"Thursday, April 23, 2015",
10,1289,10771 Gateway S Blvd ,North Hills Crossing,El Paso,TX,79934,31.926406,-106.438863,915-821-0787,"Sun: 11:00am-8:00pm, Mon-Thu: 9:30am-9:30pm, Fri-Sat: 9:30am-10:00pm",,N,"Thursday, August 13, 2015",
10,1291,1990 Havemann Rd,Harbor Square SC ,Celina,OH,45822,40.554751,-84.54321,419-268-0762,"Sun: 11:00am-8:00pm, Mon-Thu: 9:30am-9:30pm, Fri-Sat: 9:30am-10:00pm",,N,"Thursday, August 13, 2015",
10,1293,3645 Wedgewood Ln ,Buffalo Ridge,The Villages,FL,32162,28.9294,-82.018614,352-674-0507,"Sun: 10:00am-8:00pm, Mon-Thu: 9:00am-9:00pm, Fri-Sat: 9:00am-9:00pm",,N,"Thursday, November 12, 2015",
10,1294,669 Middleton Warwick Rd,Westown Town Center,Middletown,DE,19709,39.44632,-75.736699,302-376-9172,"Sun: 11:00am-8:00pm, Mon-Thu: 9:30am-9:30pm, Fri-Sat: 9:30am-10:00pm",,N,"Thursday, November 12, 2015",
10,1295,3541 E Broadway Blvd,El Con Mall,Tuscon,AZ,85716,32.222439,-110.913014,520-318-3462,"Sun: 11:00am-8:00pm, Mon-Thu: 9:30am-9:30pm, Fri-Sat: 9:30am-10:00pm",,N,"Thursday, August 20, 2015",
10,1296,"1651 US 223, Ste C",East Point Plaza,Adrian,MI,49221,41.877296,-84.041,517-263-3924,"Sun: 11:00am-8:00pm, Mon-Thu: 9:30am-9:30pm, Fri-Sat: 9:30am-10:00pm",,N,"Thursday, August 20, 2015",
10,1297,4911 Main St ,Spring Hills Shoppes ,Spring Hill,TN,37174,35.776428,-86.916759,615-302-1543,"Sun: 11:00am-8:00pm, Mon-Thu: 9:30am-9:30pm, Fri-Sat: 9:30am-10:00pm",,N,"Thursday, November 12, 2015",
10,1298,251 West Lee Hwy Ste 221,Warrenton Center,Warrenton,VA,20188,38.729343,-77.799442,540-341-0450,"Sun: 11:00am-8:00pm, Mon-Thu: 9:30am-9:30pm, Fri-Sat: 9:30am-10:00pm",,N,"Thursday, October 01, 2015",
10,1301,737 N Westwood Blvd ,Valley Plaza ,Poplar Bluff,MO,63901,36.763329,-90.413108,573-727-9203,"Sun: 10:00am-8:00pm, Mon-Thu: 9:30am-9:30pm, Fri: 9:00am-10:00pm, Sat: 9:00am-10:00pm",,N,"Thursday, May 21, 2015",
10,1303,370 Half Day Rd,NULL,Buffalo Grove,IL,60089,42.198116,-87.968312,847-793-8193,"Sun: 11:00am-8:00pm, Mon-Thu: 9:30am-9:30pm, Fri-Sat: 9:30am-10:00pm",,N,"Thursday, April 23, 2015",
10,1306,1134 Boardman-Poland Rd,Tiffany Square,Boardman,OH,44512,41.024867,-80.633752,330-758-5094,"Sun: 11:00am-8:00pm, Mon-Thu: 9:30am-9:30pm, Fri-Sat: 9:30am-10:00pm",,N,"Thursday, September 24, 2015",
10,1307,2401 US 22 West,Union Plaza,Union,NJ,07083,40.69098,-74.298302,908-206-1035,"Sun: 11:00am-8:00pm, Mon-Thu: 9:30am-9:30pm, Fri-Sat: 9:30am-10:00pm",,N,"Thursday, October 22, 2015",
10,1309,848 State Route 13,Cortlandville Mall,Cortland,NY,13045,42.570269,-76.218048,607-753-0260,"Sun: 11:00am-8:00pm, Mon-Thu: 9:30am-9:30pm, Fri-Sat: 9:30am-10:00pm",,N,"Thursday, October 29, 2015",
10,1310,4130 South Pulaski, Pulaski Promenade ,Chicago,IL,60632,41.816996,-87.724468,773-847-7933,"Sun: 11:00am-8:00pm, Mon-Thu: 9:30am-9:30pm, Fri-Sat: 9:30am-10:00pm",,N,"Thursday, October 08, 2015",
10,1311,1209 E Wishkah St,Olympic Gateway SC,Aberdeen,WA,98520,46.977191,-123.80207,360-532-5812,"Sun: 11:00am-8:00pm, Mon-Thu: 9:30am-9:30pm, Fri-Sat: 9:00am-10:00pm",,N,"Thursday, November 12, 2015",
10,1312,1020 Stratford Rd Ste D,Moses Lake Town Center,Moses Lake,WA,98837,47.142047,-119.281434,509-764-9641,"Sun: 10:00am-8:00pm, Mon-Thu: 9:30am-9:30pm, Fri-Sat: 9:30am-10:00pm",,N,"Thursday, October 22, 2015",
10,1313,1125 Templeton Road,Market Basket Plaza,Athol,MA,01331,42.58064421,-72.18982653,978-249-3260,"Sun: 10:00am-7:00pm, Mon-Thu: 9:00am-9:00pm, Fri-Sat: 9:00am-9:00pm",,N,"Thursday, October 29, 2015",
10,1314,217 Indian Lake Blvd S800 ,Merchant Pointe,Hendersonville,TN,37075,36.321974,-86.601115,615-826-1324,"Sun: 11:00am-8:00pm, Mon-Thu: 9:30am-9:30pm, Fri-Sat: 9:30am-10:00pm",,Y,"Thursday, April 28, 2016",Now open!<br>
10,1315,13100 Tamiami Trail E S102,Tamiami Crossings,Naples,FL,34114,26.061222,-81.698224,239-530-1181,"Sun: 11:00am-8:00pm, Mon-Thu: 9:30am-9:30pm, Fri-Sat: 9:30am-10:00pm",,Y,"Thursday, March 31, 2016",Now Open!<br>
10,1316,859 S Main,Lapeer Point Plaza,Lapeer,MI,48446,43.038822,-83.319937,810-664-0489,"Sun: 11:00am-8:00pm, Mon-Thu: 9:30am-9:30pm, Fri-Sat: 9:30am-10:00pm",,Y,"Thursday, March 17, 2016",Now Open!<br>
10,1317,5102 S Lake Park Ave,Hyde Park Village Center,Chicago,IL,60615,41.802129,-87.588403,773-947-0546,"Sun: 11:00am-8:00pm, Mon-Thu: 9:30am-9:30pm, Fri-Sat: 9:30am-10:00pm",,Y,"Thursday, May 19, 2016",Now Open!<br>
10,1318,4900 Rogers Ave S102-C ,Quarry SC,Fort Smith,AR,72903,35.365392,-94.377963,479-452-1851,"Sun: 11:00am-8:00pm, Mon-Thu: 9:30am-9:30pm, Fri-Sat: 9:30am-10:00pm",,Y,"Thursday, May 19, 2016",Now Open!<br>
10,1319,45 Hadjis Way,Cold Brook Plaza,Lake Placid,NY,12946,44.297316,-73.999543,518-523-8790,"Sun: 11:00am-8:00pm, Mon-Thu: 9:30am-9:30pm, Fri-Sat: 9:30am-10:00pm",,Y,"Thursday, May 05, 2016",Now Open!<br>
10,1400,477 River Road,Edgewater Commons,Edgewater,NJ,07020,40.810924,-73.984826,201-941-6191,"Sun: 11:00am-8:00pm, Mon-Thu: 9:30am-9:30pm, Fri-Sat: 9:30am-10:00pm",MSH,N,"Thursday, March 25, 2010",Marshalls Shoe Store Only.<br>
10,1401,22 Rockledge Avenue,Arcadian Shopping Center,Ossining,NY,10562,41.143718,-73.862379,914-941-4892,"Sun: 11:00am-8:00pm, Mon-Thu: 9:30am-9:30pm, Fri-Sat: 9:30am-10:00pm",MSH,N,"Thursday, March 25, 2010",Marshalls Shoe Store Only.<br>
10,1404,1484 Union Turnpike,Lake Success Shopping Plaza,New Hyde Park,NY,11042,40.753888,-73.69266,516-328-0132,"Sun: 10:00am-8:00pm, Mon-Thu: 9:30am-9:30pm, Fri-Sat: 9:30am-10:00pm",MSH,N,"Thursday, March 03, 2011",Marshalls Shoe Store Only.<br>
